0.9554
0.9962
0.9664
1.0000
0.6516
0.9311
0.9965
0.8316
0.9548
0.8105
0.8658
0.9538
0.8473
0.8131
0.7552
0.9317
0.9120
0.5605
0.5321
0.7459
0.7964
0.9794
0.8458
0.8324
0.9600
0.9907
0.9176
0.7469
0.7176
0.8987
0.9861
0.6521
0.5916
0.9367
0.8487
0.8415
0.6723
0.6338
0.7102
0.8139
0.9913
0.9065
0.4334
0.7727
0.9468
0.9873
0.8425
0.8014
0.9165
0.9038
0.9711
0.9785
0.9410
0.9622
0.4272
0.9945
0.9099
0.8975
0.9835
0.9943
0.9795
0.9320
0.9152
0.6616
0.8891
0.9097
0.8933
0.8552
0.8372
0.9900
1.0000
0.9813
0.8708
0.9879
0.9725
0.7511
0.9897
0.9678
0.8798
0.8995
0.9200
0.8590
0.8165
0.8836
0.9523
0.8179
0.9195
0.9605
0.9205
0.5486
0.9573
0.9431
0.8238
0.9899
0.8934
0.8519
0.9872
0.9657
0.7454
0.6121
0.5603
0.5380
0.9922
0.9315
0.7719
0.9508
0.8658
0.8076
0.9278
0.8734
0.9918
0.8966
0.9694
0.6077
0.9725
0.9673
0.8433
0.8452
0.9415
0.8628
0.8455
0.8148
0.9636
0.8724
0.9918
0.9353
0.9182
0.7251
0.8655
0.9451
0.3233
0.6415
0.8671
0.7931
0.9145
0.7405
0.9330
0.8248
0.9817
0.9881
0.9700
1.0000
0.9482
0.7878
0.9944
0.5138
0.6310
0.8747
0.8642
0.9557
0.8406
0.9076
0.9907
0.9383
0.9059
0.9892
0.9041
0.9732
0.9210
1.0000
0.8994
0.4780
0.9766
0.9981
0.9204
1.0000
1.0000
0.5023
0.9341
0.9381
0.6928
0.7383
0.9868
0.9088
0.9121
0.8583
0.4071
0.7701
0.8763
0.9727
0.7425
0.9626
0.5661
0.9812
0.9887
0.9964
1.0000
0.8276
0.7420
0.7367
0.9895
0.7056
0.9313
0.9687
0.9711
0.8660
0.9595
0.9821
0.8659
0.9147
0.6415
0.9374
0.9730
0.8703
0.9285
1.0000
0.7749
0.9362
0.9929
0.8791
0.9585
0.8548
0.8614
0.8394
0.8288
0.4540
0.7881
0.9880
0.8815
0.8830
0.8576
0.6718
0.6360
0.9426
0.8617
1.0000
0.9896
0.7831
0.8948
0.4677
0.5596
0.7852
0.9610
0.9840
0.9954
0.9946
0.9409
0.9348
0.8213
0.9035
0.9970
0.8101
0.7104
0.9185
0.9247
0.9670
0.7570
0.8997
0.7320
0.9427
0.9555
0.9743
0.6470
0.9148
0.9173
0.9484
0.9544
0.9161
0.9467
0.9082
0.9276
0.9353
0.7531
0.9706
0.9849
0.9871
0.9582
0.3454
0.9885
0.9527
0.8015
0.7360
0.7900
0.8464
0.9334
0.9371
0.9407
0.9256
0.9902
0.8857
0.9476
0.8786
0.9110
0.6346
0.9175
0.9760
0.9863
0.8973
0.7937
0.5336
0.9413
0.9580
0.5592
0.9763
0.9525
0.8940
0.9708
0.8837
0.5878
0.5475
0.9255
0.9616
0.7099
0.9068
0.9096
0.9800
0.9297
0.7875
0.7719
0.9193
0.8385
0.9393
0.6751
0.9511
0.7995
0.8869
0.7255
0.9446
0.9631
0.9932
0.8892
0.6419
1.0000
0.6180
0.9809
0.8214
0.9368
0.9479
0.9668
0.9855
0.9029
0.5542
0.9638
0.9190
0.9890
0.6685
0.6704
0.9643
0.6669
0.7199
0.8089
0.9301
0.8298
0.9826
0.8316
0.9673
0.9251
0.9882
0.9317
0.9973
0.9286
0.7470
0.8999
0.9316
0.8996
0.9755
0.6530
0.9809
0.9254
0.9651
0.9883
0.7475
0.9789
0.8904
0.6461
0.6943
0.7693
0.7481
0.8472
0.9064
0.9441
0.7037
0.7255
1.0000
0.7936
0.9954
0.9891
0.9197
0.8979
0.9138
0.8650
0.8965
0.8234
0.7607
0.9091
0.8749
0.8801
0.9925
0.9415
0.9701
0.9945
0.7423
0.9690
0.9635
0.9549
0.9561
0.9900
0.9643
0.9184
0.6530
0.8968
0.9012
0.9649
0.6091
0.8918
0.9572
0.9026
0.9484
0.7926
0.8206
0.7283
0.7051
0.5118
0.9165
0.5985
0.9131
0.9933
0.9929
0.9272
0.6321
0.9797
0.8252
0.6616
0.9777
0.6194
0.9113
0.8533
0.9238
0.8598
0.9467
0.9094
1.0000
0.9069
0.9952
0.9949
0.9631
0.5197
0.9823
0.9717
0.7505
0.9522
0.8460
0.9917
0.9263
0.9942
0.9437
0.9338
0.9158
0.7490
0.8354
0.9967
0.9724
0.7507
0.8738
0.7945
0.5813
0.9887
0.9070
0.3514
0.9330
0.9250
0.7237
0.9941
0.9832
0.9943
0.8446
0.9045
0.4507
0.8638
