0.9554
0.9962
0.9664
1.0000
0.6516
0.9969
0.9965
0.8316
0.9695
0.8105
0.8658
0.9538
0.3205
0.7138
0.6660
0.9317
0.9120
0.6173
0.7804
0.7459
0.8739
0.9794
0.8458
0.8324
0.9600
0.9907
0.9176
0.7469
0.7176
0.8987
0.9861
0.6521
0.5916
0.9367
0.8487
0.8795
0.6723
0.8961
0.8062
0.8139
0.9913
0.9065
0.4334
0.7685
0.9468
0.9873
0.8425
0.8014
0.9165
0.8994
0.9711
0.7521
0.9410
0.9622
1.0000
0.9945
0.9099
0.8975
0.9835
0.9943
0.9980
0.9320
0.9152
0.6616
0.8891
0.9097
0.8933
0.8552
0.8419
0.9900
1.0000
0.9813
0.8739
0.9715
0.9725
0.8437
0.9897
0.9678
0.8798
0.7963
0.9200
0.8299
0.8165
0.8836
0.9523
0.8179
0.9195
0.9605
0.8180
0.5486
0.9573
0.9431
0.8238
0.9899
0.8934
0.8519
0.9872
0.9657
0.7454
0.7215
0.5603
0.3706
0.9922
0.9315
0.7719
0.9508
0.8829
0.8076
0.9278
0.8734
0.9918
0.8966
0.9770
0.7315
0.9544
0.9673
0.8433
0.8452
0.9415
0.8628
0.9074
0.8148
0.9636
0.8724
0.9918
0.9353
0.7351
0.7251
0.8655
0.9451
0.5244
0.6415
0.8671
0.7931
0.5553
0.7405
0.9330
0.9404
0.9817
0.9881
0.9700
1.0000
0.9741
0.7878
0.9944
0.5138
0.6310
0.8747
0.8642
0.9557
0.8406
0.9214
0.9907
0.9383
0.9059
0.9892
0.9041
0.9732
0.9210
1.0000
0.8994
0.7765
0.9766
0.9981
0.9204
1.0000
1.0000
0.5023
0.9341
0.9381
0.6928
0.5770
0.9868
0.9088
0.9121
0.9541
0.4071
0.7701
0.8763
0.9727
0.7425
0.9626
0.5661
0.9812
0.9887
0.9964
0.9463
0.8276
0.7420
0.7396
0.9895
0.7056
0.9313
0.9687
0.9711
0.8660
0.9635
0.9821
0.8659
0.9147
0.6802
0.9374
0.9730
0.8611
0.9285
1.0000
0.7749
0.9362
0.9929
0.8791
0.9585
0.8548
0.8614
0.8394
0.8288
0.7603
0.7881
0.9880
0.8815
0.8830
0.9452
0.8313
0.6360
0.9426
0.8617
1.0000
0.9896
0.9556
0.9876
0.4677
0.6962
0.7852
0.9610
0.9840
0.9954
0.9946
0.9409
0.9348
0.9812
0.9035
0.9970
0.8761
0.7104
0.9185
0.9247
0.9670
0.7570
0.8997
0.7320
0.9427
0.9555
0.9743
0.6470
0.9148
0.9173
0.9484
0.9292
0.9161
0.9467
0.9082
0.9904
0.9353
0.7531
0.9706
0.9849
0.9871
0.9582
0.3454
0.9885
0.9527
0.8015
0.7360
0.8040
0.8464
0.9334
0.9371
0.9407
0.9256
0.9902
0.8857
0.9476
0.7816
0.9110
0.5788
0.9175
0.9760
0.9863
0.8973
0.7937
0.5336
0.9413
0.9580
0.5592
0.9763
0.8772
0.8940
0.9708
0.8837
0.5878
0.7523
0.9116
0.9616
0.7099
0.7733
0.9096
0.9800
0.9009
0.8939
0.7295
0.9193
0.8385
0.9393
0.6559
0.9511
0.7995
0.8869
0.7255
0.9446
0.9631
0.9932
0.8940
0.6419
1.0000
0.7742
0.9809
0.8214
0.9368
0.9960
0.9668
0.9855
0.9453
0.5542
0.9638
0.9190
0.9890
0.6685
0.6704
0.9643
0.6669
0.7199
0.8089
0.8605
0.8298
0.9826
0.8316
0.9673
0.9251
0.9882
0.9317
0.9973
0.9286
0.7470
0.8999
0.8831
0.8996
0.9755
0.6198
0.9809
0.9254
0.9651
0.9883
0.5663
0.9789
0.8904
0.4946
0.6943
0.7693
0.7481
0.8626
0.9064
0.9577
0.7037
0.7255
0.7863
0.9139
0.9954
0.9891
0.9197
0.8979
0.9138
0.8650
0.8965
0.4362
0.7607
0.9009
0.8749
0.9387
0.9925
0.9415
0.9701
0.9945
0.7730
0.9690
0.9209
0.9549
0.8770
0.9900
0.9643
0.9184
0.3196
0.8968
0.9012
0.9649
0.6091
0.8455
0.9572
0.5650
0.9484
0.7926
0.8206
0.7645
0.6662
0.4441
0.9165
0.5985
0.9546
0.9933
0.9929
0.9272
0.7030
0.9797
0.7988
0.6616
0.9777
0.6194
0.9113
0.8922
0.8572
0.8598
0.9467
0.9094
1.0000
0.9069
0.9952
0.9949
0.9631
0.9189
0.9823
0.9717
0.7505
0.9522
0.8719
0.9917
0.9263
0.9942
0.9437
0.8358
0.9153
0.7490
0.8354
0.9967
0.8866
0.7507
0.8738
0.8273
0.5813
0.9887
0.9070
0.3480
0.9330
0.9250
0.7237
0.9941
0.9832
0.9943
0.8446
0.9045
0.4507
0.8638
