0.8401
0.8471
0.9192
0.8355
0.8725
0.9371
0.9158
0.4521
0.8196
0.9040
0.8983
0.9273
0.8300
0.9532
0.9294
0.8508
0.7947
0.9319
0.9234
0.8850
0.8730
0.9065
0.6339
0.7687
0.9032
0.7311
0.8488
0.8461
0.9563
0.7257
0.9569
0.8357
0.8244
0.8057
0.8783
0.5607
0.7412
0.5435
0.9524
0.8268
0.8193
0.9145
0.8041
0.7101
0.8360
0.6999
0.9423
0.9450
0.8923
0.8791
0.9496
0.8381
0.7655
0.7147
0.7624
0.6631
0.9217
0.8894
0.6361
0.8513
0.8106
0.4615
0.5910
0.9297
0.8020
0.8217
0.6349
0.6140
0.7502
0.7011
0.8632
0.7728
0.8031
0.8976
0.7878
0.8646
0.8911
0.8833
0.8677
0.8178
0.7600
0.6833
0.7614
0.7843
0.6330
0.3774
0.9068
0.7665
0.9097
0.8928
0.8895
0.7984
0.8265
0.8183
0.8341
0.8047
0.7542
0.6801
0.7788
0.7308
0.8699
0.8978
0.5658
0.5796
0.8934
0.8354
0.5783
0.7739
0.7138
0.6967
0.8442
0.8362
0.8878
0.5245
0.5783
0.4676
0.8803
0.8530
0.7547
0.7183
0.9331
0.8883
0.8741
0.9377
0.8425
0.7094
0.7066
0.8937
0.9058
0.9142
0.7945
0.9175
0.9238
0.9648
0.8545
0.9731
0.7979
0.8451
0.9201
0.6878
0.8965
0.9284
0.8907
0.9040
0.9430
0.8786
0.8767
0.8633
0.8198
0.7826
0.6972
0.8045
0.5545
0.7795
0.8581
0.6244
0.7596
0.9298
0.8859
0.9326
0.7817
0.9550
0.8963
0.9160
0.9520
0.8964
0.4873
0.6796
0.6267
0.7846
0.9340
0.8086
0.8377
0.9156
0.8667
0.8212
0.6426
0.9228
0.8389
0.9587
0.9360
0.9787
0.7022
0.9569
0.8647
0.8977
0.9320
0.9587
0.6758
0.8551
0.6377
0.7390
0.7363
0.8296
0.8171
0.9512
0.8693
0.4818
0.7028
0.9079
0.9171
0.8619
0.9229
0.8967
0.8078
0.5102
0.9356
0.8975
0.8595
0.9495
0.7859
0.8723
0.8405
0.9448
0.9816
0.9869
0.9175
0.8245
0.9175
0.9821
0.9216
0.9777
0.8060
0.8391
0.7838
0.7178
0.8623
0.4551
0.3590
0.5981
0.5057
0.8032
0.5092
0.5945
0.8978
0.8561
0.9222
0.6764
0.7297
0.9781
0.9262
0.7817
0.4662
0.5701
0.8877
0.7910
0.8190
0.6303
0.8692
0.8467
0.8698
0.9481
0.9031
0.6659
0.7073
0.7610
0.8033
0.7979
0.6415
0.7406
0.9000
0.8334
0.5960
0.7847
0.7886
0.9161
0.8762
0.8072
0.9336
0.7626
0.8977
0.3814
0.9460
0.6728
0.7161
0.8659
0.9135
0.8160
0.9248
0.8451
0.9519
0.8760
0.8857
0.9140
0.9159
0.9091
0.7325
0.9177
0.7246
0.8700
0.9847
0.5627
0.9234
0.9373
0.8738
0.8776
0.8401
0.8963
0.9617
0.7144
0.9642
0.9491
0.9655
0.9115
0.8539
0.9076
0.9098
0.9194
0.8710
0.8232
0.8841
0.8746
0.9595
0.8909
0.9368
0.9429
0.9516
0.9333
0.9812
0.8772
0.9634
0.6451
0.9686
0.9097
0.7600
0.9797
0.9343
0.8858
0.9783
0.9080
0.9415
0.9261
0.9625
0.6998
0.8158
0.9750
0.8371
0.8633
0.9227
0.7992
0.8745
0.7574
0.8693
0.6452
0.9416
0.7066
0.8856
0.8427
0.8800
0.9357
0.5365
0.6678
0.7868
0.6665
0.8514
0.9892
0.8891
0.8134
0.9129
0.9544
0.8540
1.0000
0.9482
0.4373
0.8771
0.9655
0.7813
0.8878
0.7432
0.8745
0.8633
0.6254
0.9125
1.0000
1.0000
0.4400
0.6932
0.6806
0.6217
0.6791
0.8233
0.8666
0.7365
0.8564
0.8498
0.8235
0.8787
0.6787
0.8802
0.3949
0.1293
0.6180
0.7974
0.8685
0.7350
0.9362
0.8921
0.7341
0.9411
0.8861
0.7655
0.9108
0.5847
0.5821
0.8485
0.7440
0.6050
0.7759
0.8138
0.6916
0.8959
0.4184
0.5729
0.8584
0.9281
0.9436
0.8176
0.6509
0.9166
0.6787
0.8018
0.7707
0.9170
0.6650
0.8343
0.7534
0.8607
0.6307
0.8735
0.8298
0.7563
0.9523
0.8476
0.8921
0.9445
0.9526
0.9668
0.8518
0.7431
0.9389
0.8610
0.9344
0.9434
0.8670
0.9728
0.4849
0.8293
0.8261
0.5755
0.6857
0.8170
0.9148
0.9316
0.8556
0.8881
0.8670
0.8490
0.6271
0.7122
0.8900
0.9109
0.5065
0.9338
0.3545
0.6546
0.6452
0.8306
0.7861
0.9098
0.9053
0.8106
0.7665
0.7583
0.7374
0.7993
0.7689
0.9606
0.9358
0.8007
0.9151
0.9069
0.8038
0.9378
0.9011
0.5961
0.9060
0.7861
0.8890
0.9270
0.5696
0.6226
0.9011
0.8368
0.8684
0.7455
0.8113
0.9007
0.8679
0.6658
0.8425
0.9335
0.9680
0.9628
0.8547
0.7116
0.9211
0.9567
0.9343
0.8939
0.9140
0.5533
0.9217
0.7063
0.7753
0.9093
0.7275
0.7975
0.9163
0.8449
0.9345
0.9586
0.9305
0.9146
0.8617
0.8005
0.8713
0.9713
0.9390
0.9732
0.5301
0.9161
0.7174
0.4513
0.6986
0.8971
0.9602
0.8699
0.9772
0.9580
0.9574
0.8172
0.9840
0.9144
0.9591
0.9808
0.8660
0.9783
0.7568
0.8897
0.8192
0.8455
1.0000
1.0000
0.8044
0.9433
0.4345
0.4575
0.8594
0.8938
0.8111
0.9506
0.8777
0.8077
0.9020
0.5871
0.7627
0.9014
0.8793
0.4930
0.8787
0.9149
0.5594
0.8572
0.8761
0.8780
0.8128
0.9269
0.8331
0.8248
0.7970
0.8362
0.9272
0.9740
0.9450
0.8036
0.9476
0.8816
0.6709
0.9057
0.8725
0.8318
0.9319
0.8083
0.8399
0.6963
0.9208
0.8720
0.7620
0.6576
0.5472
0.6196
0.9578
0.8564
0.8913
0.7860
0.9324
0.9502
0.4742
0.7540
0.7585
0.6898
0.7932
0.9134
0.9328
0.9157
0.6513
0.8960
0.9034
0.7758
1.0000
0.6384
0.6536
0.6085
0.9812
0.8639
0.8958
0.8948
0.9386
0.9451
0.9306
0.9529
0.8263
0.9202
0.9600
0.9336
0.9818
0.6008
0.8350
0.9644
0.9459
0.9257
0.9173
0.7876
0.6232
0.8256
0.8727
0.8850
0.8750
0.8997
0.9309
0.7573
0.8642
0.6707
0.9381
0.9023
0.9125
0.9443
0.9052
0.7115
0.8414
0.5550
0.9611
0.7904
0.7535
0.8923
0.8608
0.6501
0.9386
0.8607
0.7461
0.8954
0.8471
0.7951
0.8978
0.6381
0.6235
0.7310
0.9437
0.8310
0.7187
0.9313
0.8862
0.7874
0.6933
0.5175
0.8220
0.7908
0.8729
0.4575
0.3227
0.7585
0.5452
0.6833
0.9039
0.7271
0.8313
0.6335
0.9423
0.9530
0.9476
0.8681
0.8791
0.9253
0.9182
0.8270
0.8344
0.6865
0.8453
0.9086
0.8082
0.9252
0.9022
0.9227
0.6591
0.8099
0.5419
0.8623
0.5575
0.8600
0.7236
0.5061
0.5830
0.9318
0.9304
0.8190
0.8669
0.7437
0.8384
0.7538
0.7252
0.6906
0.9465
0.8443
0.9176
0.8421
0.8857
0.7666
0.7517
0.7463
0.6177
0.9275
0.8870
0.7062
0.9415
0.9427
0.9152
0.8786
0.9055
0.9022
0.8001
0.8330
0.9145
0.4335
1.0000
0.6856
0.8933
0.8242
0.7099
0.9107
0.8873
0.8553
0.8887
0.8143
0.9336
0.7072
0.4899
0.8911
0.9136
0.5491
0.9285
0.9459
0.8556
0.6408
0.8744
0.7709
0.9149
0.8649
0.8715
0.9029
0.9017
0.9323
0.8212
0.9716
0.9667
0.8596
0.9314
0.7250
0.6412
0.8489
0.8224
0.8744
0.8172
0.8160
0.7734
0.7349
0.6691
0.3890
0.8274
0.4806
0.7247
0.7719
0.8069
0.8737
0.9608
0.8850
0.8932
0.7474
0.9187
0.9035
0.8268
0.8636
0.9180
0.9239
0.9413
0.8812
0.9342
0.7312
0.9565
0.7668
0.8866
0.8843
0.7511
0.6627
0.6694
0.6281
0.7459
0.8802
0.8465
0.8279
0.9388
0.7999
0.8998
0.8959
0.8243
0.7128
0.8781
0.9026
0.9169
0.7663
0.7921
0.7423
0.5398
0.8624
0.6238
0.6710
0.8563
0.9363
0.8616
0.7767
0.7038
0.8212
0.9314
0.5950
0.8333
0.9140
0.8640
0.6742
0.8863
0.6865
0.7904
0.5634
0.8752
0.9538
0.8710
0.4002
0.2244
0.7237
0.8803
0.8555
0.8301
0.7516
0.9089
0.7538
0.8920
0.6845
0.8562
0.9005
0.2269
0.9139
0.8924
0.8539
0.7456
0.8880
0.7090
0.8700
0.9121
0.9367
0.6512
0.5437
0.8564
0.9271
0.6843
0.7683
0.6522
0.6718
0.6195
0.8174
0.8274
0.8981
0.8321
0.7524
0.6696
0.8800
0.8546
0.8006
0.5709
0.9463
0.8923
0.7890
0.8953
0.8930
0.8290
0.8795
0.7937
0.8739
0.3654
0.9108
0.7851
0.8851
0.9512
0.9546
0.9701
0.9069
0.8827
0.8767
0.9096
0.9345
0.8944
0.8907
0.9292
0.8998
0.9279
0.9415
0.6515
0.8238
0.9470
0.3802
0.4747
0.6238
0.6142
0.4159
0.8963
0.8865
0.9441
0.8316
0.8436
0.9348
0.8027
0.7156
0.8993
0.7994
0.8938
0.8354
0.9907
0.8362
0.9022
0.8960
0.9041
0.8934
0.8106
0.7877
0.6760
0.8043
0.8484
0.8564
0.8702
0.9313
0.6612
0.9256
0.8566
0.8455
0.8451
0.7636
0.9412
0.5514
0.8559
0.8540
0.8515
0.9632
0.5251
0.9579
0.9325
0.9211
0.7575
0.8220
0.9703
0.8324
0.6435
0.9164
0.7732
0.6785
0.7706
0.8766
0.7876
0.6819
0.8437
0.9355
0.7336
0.8311
0.7990
0.8638
0.8229
0.8645
0.9123
0.8749
0.4790
0.9409
0.8017
0.9130
0.6529
0.2886
0.7167
0.5444
1.0000
0.8439
0.8016
0.7418
0.4889
0.7393
0.8530
0.9179
0.8148
0.9469
0.8376
0.5805
0.7016
0.7923
0.8496
0.8773
0.8288
0.6006
0.4360
0.8210
0.8109
0.8655
0.8489
0.4551
0.7103
0.8664
0.6205
0.7430
0.4736
0.8002
0.8260
0.7170
0.7343
0.5974
0.9064
0.8178
0.7751
0.7187
0.9250
0.9473
0.9057
0.9783
0.8406
0.9676
0.7902
0.8717
0.8503
0.7798
0.9169
0.8952
0.8739
0.8983
0.9291
0.6920
0.7912
0.8029
0.9095
0.9446
0.8977
0.8469
0.8503
0.7296
0.9212
0.9309
0.9026
0.7412
0.9141
0.9121
0.8004
0.8109
0.7914
0.4455
0.7650
0.8280
0.5301
0.9235
0.8291
0.9643
0.8647
0.7564
0.9361
0.8120
0.5475
0.8109
0.6876
0.7921
0.8843
0.8971
0.9312
0.8100
0.8498
0.7247
0.5923
0.6981
0.8117
0.8373
0.8994
0.6835
0.9240
0.8465
0.8623
0.8847
0.9280
0.8791
0.9244
0.8785
0.8388
0.5901
0.9024
0.6932
0.8478
0.8939
0.5477
0.4914
0.9116
0.7919
0.8862
0.9505
0.8280
0.9303
0.8812
0.9240
0.8854
0.8798
0.9481
0.7744
0.8864
0.8861
0.6742
0.5081
0.8199
0.7286
0.4798
0.7684
0.8105
0.5761
0.8460
0.5881
0.7591
0.8198
0.7221
0.7869
0.8149
0.4490
0.8424
0.9027
0.9083
0.8626
0.9357
0.5120
0.9596
0.8705
0.9507
0.8772
0.8341
0.8859
0.7196
0.9304
0.9251
0.8857
0.8865
0.9103
0.9258
0.8660
0.5739
0.6451
0.5415
0.8182
0.8686
0.7374
0.7988
0.8426
0.8754
0.8700
0.8215
0.5289
0.9330
0.5873
0.8863
0.8181
0.8185
0.8844
0.8064
0.9155
0.9179
0.8570
0.5352
0.9381
0.9094
0.8178
0.7121
0.9146
0.7914
0.8631
0.8307
0.9286
0.6090
0.9189
0.8468
0.8402
0.9385
0.8772
0.9149
0.6835
0.9557
0.8687
0.9350
0.8977
0.6441
0.8624
0.8448
0.8329
0.8207
0.9766
0.8960
0.7906
0.7435
0.8220
0.6020
0.8973
0.2659
0.8336
0.3999
0.5020
0.8381
0.9304
0.6976
0.9460
0.6748
0.8605
0.8794
0.7906
0.9584
0.8972
0.9000
0.9276
0.9219
0.5778
0.8787
0.8865
0.7087
0.9624
0.9450
0.8918
0.8803
0.8726
0.8952
0.8642
0.4388
0.8050
0.6545
0.9263
0.8397
0.9413
0.7010
0.8992
0.8033
0.8245
0.8754
0.8347
0.8266
0.9268
0.6250
0.7477
0.8284
0.9342
0.8943
0.9343
0.7963
0.6763
0.7585
0.8213
0.9632
0.5269
0.8666
0.8869
0.8661
0.7216
0.7296
0.9118
0.8272
0.6953
0.6791
0.8039
0.8094
0.7790
0.9346
0.8640
0.5970
0.5438
0.7569
0.9313
0.4931
0.8619
0.7850
0.6072
0.7109
0.6098
0.9323
0.7692
0.5080
0.8083
0.6180
0.6535
0.4944
0.9350
0.8643
0.6149
0.9133
0.8276
0.8732
0.8767
0.7789
0.7933
0.4302
0.0124
0.7513
0.7893
0.8458
0.7754
0.8445
0.8558
0.3974
0.8561
0.9488
0.7007
0.9035
0.7833
0.8587
0.9265
0.8387
0.9220
0.8061
0.9300
0.7725
0.9724
0.9595
0.9565
0.9037
0.9204
0.7334
0.8558
0.9273
0.9254
0.6603
0.8491
0.8842
0.8263
0.8507
1.0000
0.9078
0.4691
0.7505
0.6710
0.8728
0.8064
0.8270
0.9519
0.4394
0.9488
0.9147
0.8854
0.8215
0.9088
0.8233
0.6406
0.9181
0.5258
0.7553
0.7500
0.7344
0.8064
0.9276
0.8285
0.8379
0.9200
0.6334
0.8885
0.8290
0.6399
0.6850
0.5264
0.9670
0.8597
0.8509
0.8660
0.8053
0.5874
0.7949
0.7566
0.8436
0.4789
0.6980
0.7887
0.8396
0.6723
0.6263
0.8102
0.8456
0.7968
0.9362
0.9181
0.8343
0.9477
0.8387
0.8509
0.7585
0.8306
0.7290
0.9057
0.6221
0.8714
0.8620
0.9057
0.9092
0.7530
0.7315
0.7537
0.8594
0.7188
0.8085
0.8898
0.8631
0.9046
0.7582
0.7783
0.8826
0.8237
0.6103
0.7890
0.9266
0.8908
0.9027
0.8983
0.9359
0.7386
0.8745
0.6784
0.7532
0.8225
0.8083
0.9131
0.9463
0.9268
0.8255
0.8021
0.7179
0.7088
0.8780
0.7975
0.7212
0.7331
0.8339
0.3962
0.9013
0.8743
0.3705
0.6859
0.7945
0.8783
0.8695
0.6415
0.8409
0.7662
0.6142
0.8846
0.8324
0.8800
0.8446
0.8256
0.8730
0.8151
0.5737
0.8653
0.9310
0.8631
0.8234
0.8491
0.9669
0.8499
0.4838
0.9321
0.7529
0.9885
0.8094
0.8445
0.9570
0.9350
0.9799
0.8750
0.8080
0.8734
0.8039
0.7691
0.8351
0.9169
0.9077
0.8476
0.6665
0.8571
0.8737
0.9307
0.8462
0.9162
0.6849
0.3240
0.6380
0.9460
0.6745
0.8703
0.7646
0.8950
0.8512
0.8708
0.7781
0.8536
0.8466
0.6745
0.6162
0.8273
0.8765
0.8756
0.5513
0.8658
0.7014
0.8275
0.4222
0.7423
0.7726
0.7201
0.7994
0.7732
0.6902
0.8986
0.8260
0.5280
0.9526
0.9435
0.9101
0.6796
0.9259
0.8753
0.9101
0.5661
0.9421
0.5366
0.8929
0.8774
0.9551
0.7682
0.8432
0.7798
0.8196
0.6842
0.6433
0.9589
0.9151
0.9411
0.9131
0.9193
0.9678
0.9647
0.9521
0.8563
0.9192
0.9117
0.9667
0.9483
0.8882
0.8895
0.9487
0.9029
0.9208
0.8619
0.8781
0.9727
0.7079
0.9607
0.8917
0.8519
0.7851
0.8046
0.7603
0.7793
0.8119
0.9312
0.8741
0.8410
0.8576
0.5264
0.9401
0.6085
0.3977
0.5323
0.8091
0.7651
0.8614
0.7308
0.8926
0.9659
0.8147
0.6647
0.6036
0.8613
0.8056
0.6759
0.8548
0.7249
0.8416
0.8874
0.9043
0.9231
0.6702
0.8142
0.9416
0.9085
0.8008
0.8938
0.8263
0.8202
0.9311
1.0000
0.8984
0.7822
0.7215
0.9104
0.7511
0.7205
0.8057
0.5830
0.8814
0.8832
0.8963
0.8350
0.8817
0.8337
0.8384
0.8844
0.9451
0.7259
0.8771
0.8918
0.7566
0.7697
0.3897
0.9204
0.7864
0.2811
0.5739
0.7479
0.5190
0.9414
0.8855
0.8106
0.5975
0.8137
0.8774
0.4020
0.3442
0.8065
0.5748
0.4392
0.6394
0.5181
0.4444
0.7113
0.2589
0.4602
0.3823
0.3347
0.6329
0.4883
0.4214
0.3026
0.4674
0.5422
0.8205
0.5491
0.8780
0.9369
0.9233
0.8436
0.8204
0.6960
0.6938
0.9296
0.7559
0.7875
0.7322
0.9249
0.8474
0.8701
0.9321
0.9147
0.9144
0.8368
0.9057
0.6541
0.4836
0.5510
0.8926
0.8230
0.9256
0.9352
0.9047
0.8832
0.8815
0.9052
0.9146
0.9083
0.8661
0.7583
0.8937
0.9338
0.9378
0.9527
0.9715
0.9477
0.8842
0.8422
0.7350
0.7662
0.8478
0.2662
0.4275
0.6907
0.7606
0.6586
0.8793
0.8901
0.8973
0.9287
0.8677
0.9361
0.9450
0.9104
0.7585
0.9102
0.7681
0.4169
0.7147
0.4973
0.6703
0.9130
0.9066
0.7628
0.9201
0.9206
0.5719
0.8327
0.9486
0.6540
0.5862
0.8552
0.8465
0.7749
0.9209
0.1360
0.8008
0.7873
0.8707
0.9361
0.8090
0.8456
0.5181
0.6045
0.8979
0.9087
0.8216
0.9316
0.9387
0.9387
0.9200
0.8839
0.9288
0.9351
0.9152
0.8819
0.8614
0.9258
0.8886
0.9127
0.9644
0.8444
0.6064
0.8381
0.9628
0.6102
0.9650
0.9327
0.6478
0.9580
0.7745
0.9210
0.9764
0.1844
0.8551
0.9157
0.9292
0.9159
0.9484
0.9020
0.8780
0.8541
0.2302
0.8983
0.8157
0.6761
0.9147
0.5208
0.9038
0.8090
0.9147
0.9267
0.9366
0.8747
0.9339
0.8093
0.9411
0.7388
0.8271
0.8456
0.8974
0.8569
0.8719
0.9219
0.9218
0.9582
0.8731
0.8922
0.9426
0.9360
0.8524
0.8567
0.9040
0.9460
0.8508
0.8974
0.9120
0.8740
0.8404
0.9490
0.9028
0.9587
0.6385
0.9419
0.8919
0.6717
0.7623
0.8752
0.8137
0.6202
0.6846
0.9484
0.8546
0.9450
0.9311
0.7557
0.8986
0.8129
0.8964
0.9694
