0.8401
0.8471
0.7875
0.7531
0.8725
0.9293
0.9158
0.7862
0.8517
0.9338
0.8904
0.8963
0.9109
0.9532
0.9771
0.7977
0.9003
0.7319
0.9234
0.8426
0.7858
0.9065
0.8194
0.8310
0.8920
0.7311
0.8394
0.8175
0.9563
0.7257
0.9433
0.8315
0.8324
0.8768
0.8843
0.5607
0.8290
0.5435
0.9604
0.8268
0.9305
0.9145
0.8041
0.7101
0.9146
0.6774
0.9635
0.8917
0.8923
0.8859
0.9496
0.8381
0.7982
0.7726
0.7624
0.6631
0.9217
0.5612
0.7867
0.8019
0.8798
0.4615
0.5910
0.9297
0.8020
0.8080
0.6228
0.6140
0.5816
0.8022
0.9079
0.6343
0.8673
0.8901
0.9143
0.8251
0.9290
0.8833
0.8677
0.8178
0.8589
0.8097
0.7770
0.8142
0.5950
0.4609
0.9068
0.8701
0.9097
0.9040
0.9081
0.8559
0.7910
0.8583
0.6270
0.7853
0.4106
0.6801
0.8858
0.7308
0.8699
0.8978
0.5658
0.6186
0.8934
0.8354
0.5761
0.7915
0.6821
0.6747
0.8362
0.8310
0.8955
0.8933
0.5783
0.6069
0.7042
0.8678
0.7843
0.7232
0.9345
0.8883
0.8435
0.9377
0.8425
0.6773
0.7066
0.8937
0.9058
0.8953
0.8971
0.6226
0.8445
0.9138
0.8407
0.9724
0.8663
0.8162
0.8921
0.6336
0.9425
0.9515
0.9236
0.8997
0.9305
0.8943
0.9356
0.8540
0.8741
0.7865
0.6397
0.8045
0.5985
0.7795
0.8969
0.6244
0.7525
0.9037
0.9173
0.9355
0.9447
0.9550
0.9000
0.9005
0.9593
0.9073
0.5424
0.7015
0.5036
0.7846
0.9340
0.8098
0.8304
0.8908
0.8667
0.8552
0.8034
0.8725
0.7715
0.9587
0.9360
0.9787
0.9451
0.9528
0.8470
0.8977
0.8284
0.9587
0.7040
0.8217
0.8311
0.7390
0.7879
0.8403
0.8617
0.9343
0.8433
0.5282
0.7570
0.8376
0.9171
0.7800
0.8345
0.8509
0.9037
0.5102
0.9214
0.8912
0.8787
0.9495
0.8558
0.8417
0.8405
0.9732
0.9816
0.9819
0.9175
0.9204
0.8544
0.9821
0.8924
0.9777
0.8996
0.7961
0.7377
0.6178
0.8623
0.7600
0.4652
0.7470
0.6428
0.8862
0.5092
0.6044
0.8609
0.8561
0.4725
0.8033
0.6764
0.9781
0.9262
0.7817
0.6674
0.7733
0.6213
0.8479
0.8213
0.7690
0.8718
0.8467
0.8698
0.9481
0.9031
0.5131
0.7073
0.8212
0.8841
0.7987
0.6415
0.7406
0.8604
0.8334
0.6650
0.8623
0.7886
0.8557
0.6642
0.8072
0.8956
0.7626
0.8951
0.3814
0.9398
0.6823
0.8057
0.8535
0.9186
0.9098
0.8436
0.8723
0.9390
0.8760
0.9067
0.9140
0.9434
0.8334
0.7325
0.9177
0.7246
0.8700
0.9847
0.5627
0.9234
0.9373
0.9426
0.8776
0.8401
0.8963
0.8086
0.7205
0.9642
0.9491
0.9613
0.9115
0.8750
0.9213
0.9098
0.9194
0.8148
0.8232
0.8841
0.8746
0.9662
0.8909
0.9478
0.9599
0.9516
0.9124
0.9629
0.8787
0.9634
0.7442
0.9824
0.9097
0.7600
0.9797
0.9203
0.9117
0.9783
0.9134
0.9415
0.9261
0.9625
0.9410
0.2487
0.8907
0.8371
0.8633
0.9096
0.7992
0.8745
0.9051
0.7978
0.7840
0.9416
0.8601
0.8723
0.8426
0.8800
0.9181
0.5365
0.6678
0.7868
0.6665
0.8843
0.9892
0.8891
0.8134
0.9129
0.9544
0.6879
1.0000
0.9482
0.4373
0.8141
0.9235
0.8289
0.8047
0.7596
0.8245
0.8826
0.8154
0.9057
1.0000
1.0000
0.5239
0.6793
0.7520
0.7550
0.5034
0.9341
0.8839
0.8365
0.9133
0.8375
0.8838
0.8455
0.6860
0.8802
0.6886
0.6889
0.8361
0.7455
0.8758
0.6682
0.8764
0.8618
0.7365
0.9210
0.8595
0.7953
0.9172
0.8343
0.6182
0.8485
0.5818
0.6050
0.7759
0.5815
0.6155
0.9069
0.4184
0.8470
0.8067
0.9080
0.9436
0.8957
0.8614
0.8224
0.7798
0.8982
0.7707
0.9407
0.8558
0.8343
0.9316
0.9061
0.6503
0.8735
0.9220
0.8820
0.9559
0.8476
0.9086
0.9344
0.9526
0.9668
0.8518
0.7431
0.9389
0.8610
0.9312
0.9434
0.8880
0.9728
0.9677
0.8293
0.6648
0.7948
0.8686
0.8984
0.9387
0.9399
0.8900
0.8969
0.8795
0.8522
0.8992
0.7612
0.9367
0.8178
0.5065
0.7136
0.3545
0.9522
0.6623
0.8285
0.8657
0.9098
0.9120
0.7934
0.8175
0.8253
0.7765
0.7993
0.7357
0.9606
0.9402
0.6400
0.9151
0.9162
0.8405
0.9586
0.9010
0.5185
0.9538
0.7861
0.8941
0.8594
0.5661
0.6563
0.9160
0.8470
0.8398
0.8533
0.7299
0.9007
0.8923
0.7874
0.8337
0.9239
0.9713
0.9384
0.8624
0.7116
0.9359
0.9377
0.9206
0.8939
0.8592
0.8835
0.9324
0.7063
0.7753
0.9000
0.7275
0.7812
0.9163
0.8449
0.9702
0.9572
0.9305
0.9439
0.8772
0.7845
0.8713
0.9794
0.9585
0.9732
0.5301
0.8976
0.6672
0.4513
0.7337
0.9504
0.9602
0.9760
0.9781
0.9580
0.9143
0.8172
0.9840
0.9144
0.9147
0.9808
0.8660
0.9783
0.8623
0.8897
0.9711
0.8455
1.0000
0.8992
0.7927
0.9455
0.7888
0.4575
0.8863
0.8938
0.8111
0.9464
0.8777
0.8341
0.9171
0.5871
0.6181
0.8404
0.8793
0.4930
0.7293
0.9149
0.6452
0.9233
0.9198
0.7598
0.8533
0.9093
0.8331
0.9170
0.8148
0.9039
0.9250
0.9381
0.6495
0.7964
0.9511
0.7795
0.8585
0.9005
0.9243
0.8645
0.8341
0.8768
0.8399
0.6303
0.8577
0.9243
0.7848
0.6576
0.7258
0.6196
0.9578
0.8620
0.9154
0.7860
0.9398
0.8815
0.7984
0.7540
0.8649
0.9527
0.8754
0.9029
0.9241
0.9019
0.6160
0.9303
0.8617
0.9082
1.0000
0.6384
0.6782
0.4636
0.9391
0.8018
0.9067
0.9369
0.9361
0.9451
0.9194
0.9497
0.9154
0.9179
0.9829
0.9381
0.9813
0.7188
0.8480
0.8360
0.9625
0.7326
0.9162
0.9432
0.6420
0.8792
0.8812
0.9197
0.8896
0.9372
0.9044
0.9298
0.8512
0.6296
0.9349
0.8319
0.9125
0.9443
0.9052
0.7786
0.8943
0.5550
0.9611
0.7904
0.7535
0.8923
0.8519
0.6488
0.9244
0.8827
0.7030
0.9065
0.8097
0.4003
0.8978
0.6381
0.6278
0.7310
0.9434
0.8234
0.7187
0.9539
0.8862
0.7874
0.7704
0.5532
0.7998
0.8617
0.8729
0.4575
0.8115
0.8823
0.8151
0.6833
0.9005
0.6755
0.6828
0.8180
0.9382
0.9478
0.9506
0.8591
0.8573
0.9253
0.9013
0.9224
0.8344
0.8846
0.8273
0.9411
0.8012
0.8627
0.7665
0.9223
0.6591
0.8704
0.5419
0.8623
0.4307
0.8600
0.7849
0.5099
0.5710
0.9412
0.9473
0.8190
0.8469
0.7013
0.8384
0.7417
0.8211
0.6906
0.9229
0.9177
0.9108
0.8421
0.8610
0.7299
0.7517
0.7106
0.6223
0.9279
0.8846
0.7623
0.9234
0.9453
0.9189
0.8856
0.9271
0.8399
0.8846
0.8249
0.8965
0.4335
1.0000
0.8041
0.8933
0.8242
0.7099
0.9107
0.9092
0.8641
0.8703
0.8965
0.8936
0.5759
0.5099
0.8835
0.9570
0.8511
0.9189
0.9244
0.8976
0.6408
0.8744
0.7709
0.9194
0.8649
0.8878
0.9743
0.8955
0.9228
0.7650
0.9444
0.9397
0.8596
0.9314
0.7250
0.7060
0.7595
0.8906
0.8315
0.8234
0.8160
0.5703
0.5917
0.8549
0.1543
0.8274
0.2537
0.6756
0.7719
0.7504
0.8737
0.9618
0.8510
0.8932
0.7571
0.9187
0.9316
0.7915
0.8636
0.8890
0.9201
0.9239
0.9094
0.9075
0.7439
0.9390
0.7668
0.8866
0.8043
0.8083
0.7582
0.5359
0.6578
0.7717
0.8876
0.9295
0.9300
0.9388
0.7999
0.8938
0.8517
0.8675
0.7028
0.8934
0.8954
0.9187
0.7806
0.7272
0.7423
0.5599
0.7993
0.6921
0.4570
0.8563
0.9363
0.8616
0.7858
0.6614
0.7996
0.6603
0.6552
0.8769
0.8505
0.8605
0.6742
0.9341
0.6865
0.8273
0.5634
0.8752
0.9538
0.8710
0.2369
0.6507
0.7237
0.8752
0.9184
0.8301
0.7175
0.9151
0.8069
0.8939
0.8446
0.8628
0.9009
0.6558
0.9029
0.8868
0.8602
0.7456
0.8880
0.7090
0.8688
0.7866
0.9366
0.6512
0.5237
0.9280
0.8770
0.6684
0.6081
0.7769
0.6718
0.6742
0.8174
0.8614
0.8981
0.8321
0.7047
0.7203
0.8560
0.8723
0.8141
0.5709
0.9506
0.8878
0.7728
0.9287
0.8657
0.8290
0.8795
0.7118
0.8739
0.6081
0.9108
0.9086
0.9218
0.8498
0.9546
0.9097
0.8993
0.9142
0.9059
0.8948
0.9371
0.8470
0.9583
0.8949
0.8990
0.9427
0.8805
0.6654
0.6960
0.9470
0.4786
0.2516
0.4581
0.6142
0.5183
0.8963
0.8804
0.8124
0.7116
0.8349
0.9272
0.8364
0.7589
0.8993
0.7994
0.9656
0.8354
0.9563
0.7929
0.8968
0.9042
0.8376
0.9047
0.8162
0.8281
0.6760
0.8088
0.8718
0.8282
0.6840
0.9281
0.6180
0.9273
0.8198
0.9473
0.8691
0.9840
0.9412
0.8823
0.8212
0.8881
0.8760
0.9561
0.5251
0.9453
0.9360
0.9592
0.7585
0.9532
0.9703
0.8234
0.6435
0.9164
0.7453
0.5831
0.7855
0.8712
0.8009
0.8195
0.8977
0.9323
0.7895
0.8311
0.8493
0.8782
0.8579
0.9010
0.9013
0.8880
0.7239
0.9384
0.8017
0.9130
0.6093
0.4838
0.7167
0.5444
1.0000
0.8439
0.6352
0.7418
0.4889
0.7907
0.9292
0.9181
0.8033
0.9320
0.8490
0.6347
0.8132
0.8701
0.8333
0.7731
0.8118
0.3794
0.7128
0.6630
0.8109
0.9007
0.7950
0.7595
0.7400
0.8346
0.3459
0.7255
0.5403
0.7484
0.8020
0.7354
0.8165
0.8715
0.8764
0.8178
0.6183
0.7187
0.8494
0.9473
0.9273
0.9783
0.8955
0.9567
0.6741
0.9470
0.8424
0.7072
0.8924
0.8952
0.8739
0.9123
0.9339
0.6920
0.8405
0.8489
0.9095
0.9344
0.8933
0.7535
0.8503
0.7296
0.9128
0.9393
0.9011
0.7348
0.9141
0.9468
0.7274
0.9180
0.7914
0.4455
0.7650
0.8280
0.9041
0.9009
0.8291
0.9643
0.8647
0.8715
0.7465
0.7984
0.8154
0.8109
0.6876
0.8301
0.8854
0.8971
0.9312
0.7960
0.7936
0.7109
0.6122
0.7555
0.7831
0.8058
0.8299
0.7194
0.8750
0.8465
0.8412
0.9194
0.9327
0.8795
0.9502
0.8785
0.7320
0.7202
0.9043
0.6932
0.8478
0.8939
0.5477
0.4914
0.9116
0.7789
0.8862
0.9507
0.9125
0.8816
0.9008
0.9284
0.9050
0.8724
0.9481
0.7766
0.8864
0.8861
0.6204
0.7329
0.8271
0.7281
0.5150
0.7684
0.8260
0.7067
0.8460
0.8734
0.7591
0.9974
0.7221
0.7869
0.8244
0.4043
0.8282
0.8304
0.8740
0.9163
0.9315
0.5842
0.9596
0.7422
0.9050
0.8689
0.7828
0.9429
0.7459
0.9303
0.9461
0.7478
0.8865
0.8396
0.9258
0.8660
0.5739
0.7903
0.5911
0.7374
0.8686
0.7953
0.8322
0.8701
0.7590
0.9017
0.7847
0.6767
0.9297
0.6744
0.8671
0.8593
0.8272
0.9520
0.7867
0.9294
0.9090
0.8842
0.7001
0.9381
0.8847
0.8527
0.8941
0.9014
0.8485
0.8631
0.8535
0.9286
0.7678
0.8823
0.8468
0.8402
0.9359
0.7774
0.9149
0.7656
0.9557
0.8561
0.9447
0.9080
0.6661
0.9324
0.8360
0.8329
0.8410
0.9766
0.8960
0.7906
0.5094
0.8284
0.5401
0.7687
0.7859
0.8117
0.6443
0.5597
0.8381
0.9011
0.7393
0.9505
0.7011
0.6397
0.8907
0.8413
0.9584
0.8952
0.9858
0.9207
0.9199
0.5778
0.8181
0.9089
0.9362
0.9618
0.9450
0.8314
0.8803
0.7582
0.9441
0.8492
0.4388
0.8359
0.5866
0.8894
0.8397
0.9525
0.7323
0.9297
0.7396
0.8022
0.7826
0.8043
0.8203
0.9268
0.6250
0.6882
0.8338
0.9276
0.8737
0.9343
0.8881
0.6763
0.8823
0.7786
0.9632
0.7096
0.9390
0.8171
0.9830
0.7216
0.7296
0.7922
0.8360
0.6953
0.9337
0.7654
0.5922
0.6407
0.9203
0.8478
0.6613
0.5438
0.7329
0.8783
0.7433
0.6933
0.8001
0.6859
0.7241
0.6741
0.9323
0.5713
0.6475
0.8083
0.5630
0.6535
0.2169
0.9679
0.8643
0.6149
0.7873
0.8276
0.8993
0.8422
0.7848
0.8853
0.4302
0.0628
0.7513
0.7607
0.8976
0.7694
0.8658
0.8558
0.6371
0.8561
0.9488
0.7466
0.8763
0.7837
0.7676
0.9265
0.8387
0.9191
0.7958
0.9300
0.8447
0.9724
0.9595
0.9404
0.9152
0.9359
0.7146
0.8558
0.9273
0.9367
0.7130
0.8550
0.8842
0.8493
0.8079
1.0000
0.9078
0.7533
0.8210
0.7752
0.8728
0.8020
0.7218
0.9235
0.3636
0.9270
0.8998
0.7933
0.8128
0.9478
0.8233
0.6416
0.9096
0.7793
0.8709
0.7652
0.6966
0.8173
0.9355
0.8280
0.8379
0.9200
0.6334
0.8885
0.7539
0.7193
0.8552
0.6587
0.9437
0.9008
0.8509
0.8294
0.8048
0.7584
0.6469
0.7566
0.8193
0.4100
0.5848
0.3325
0.8396
0.6290
0.6263
0.7731
0.8456
0.7797
0.9523
0.9052
0.7964
0.9477
0.8395
0.8509
0.8823
0.8306
0.7411
0.9057
0.8252
0.8721
0.8507
0.8834
0.9237
0.8154
0.8451
0.6990
0.8570
0.6952
0.7614
0.8898
0.8364
0.9046
0.8610
0.8443
0.8501
0.8639
0.6103
0.6286
0.9395
0.8995
0.8400
0.8983
0.9364
0.7386
0.8314
0.6784
0.6111
0.7013
0.6495
0.9131
0.9198
0.9268
0.8093
0.7395
0.6801
0.7602
0.8801
0.7975
0.5871
0.7331
0.8339
0.3435
0.6458
0.8201
0.8561
0.7165
0.6376
0.8289
0.8561
0.6821
0.7203
0.8116
0.7227
0.8286
0.8607
0.8485
0.8446
0.8256
0.8372
0.4337
0.6116
0.6523
0.9219
0.8683
0.8234
0.8110
0.9669
0.8158
0.5889
0.9517
0.7949
0.9885
0.8094
0.7196
0.9570
0.9491
0.9799
0.8750
0.8080
0.8734
0.8039
0.9395
0.8350
0.8621
0.9050
0.9052
0.6391
0.8571
0.8737
0.8175
0.8767
0.9162
0.6226
0.3157
0.6380
0.7281
0.6618
0.8703
0.7646
0.8286
0.8512
0.8403
0.7781
0.7881
0.8204
0.7548
0.6082
0.8303
0.8869
0.7919
0.5155
0.9065
0.7136
0.8275
0.3142
0.7423
0.8791
0.7209
0.7678
0.8146
0.7767
0.9005
0.7854
0.6068
0.9224
0.8961
0.9101
0.7043
0.8976
0.8793
0.9584
0.9276
0.9258
0.6489
0.8929
0.8835
0.8514
0.7589
0.8455
0.8133
0.8778
0.8438
0.6362
0.9589
0.9154
0.9222
0.9131
0.9085
0.9678
0.9647
0.9521
0.8777
0.8522
0.8938
0.9667
0.9483
0.9046
0.9291
0.9487
0.9029
0.9307
0.8619
0.9402
0.9808
0.7055
0.9302
0.9283
0.8784
0.7851
0.5243
0.7220
0.2450
0.7779
0.9299
0.8612
0.8072
0.8449
0.7360
0.9401
0.7775
0.8250
0.5750
0.7589
0.8971
0.8614
0.8271
0.7936
0.9659
0.8884
0.6821
0.7801
0.8702
0.8190
0.7896
0.8791
0.5988
0.7088
0.8492
0.9400
0.9231
0.6384
0.8139
0.9462
0.8870
0.7867
0.8938
0.7991
0.8621
0.9311
1.0000
0.9098
0.7242
0.8492
0.8604
0.7889
0.7982
0.8600
0.8668
0.8920
0.8832
0.9253
0.8404
0.9513
0.9039
0.8384
0.8072
0.9451
0.8901
0.9128
0.8722
0.8779
0.7258
0.3897
0.9204
0.7419
0.8393
0.7056
0.8482
0.5379
0.9414
0.8855
0.8106
0.5975
0.8137
0.8774
0.8362
0.6365
0.8192
0.6202
0.5337
0.6055
0.6782
0.7943
0.7725
0.5962
0.5266
0.4334
0.3943
0.6927
0.4872
0.3586
0.5541
0.5550
0.7090
0.6911
0.5580
0.8629
0.9369
0.9433
0.8436
0.8635
0.8779
0.5523
0.9059
0.8043
0.5857
0.7383
0.9122
0.8474
0.8540
0.9321
0.9147
0.9118
0.8127
0.9057
0.6541
0.4801
0.5510
0.9110
0.8230
0.9391
0.9573
0.9115
0.8620
0.8745
0.9515
0.9146
0.8747
0.8663
0.7583
0.8006
0.9378
0.9246
0.9527
0.9701
0.9477
0.8842
0.8422
0.7593
0.9265
0.8478
0.2662
0.6434
0.6439
0.6807
0.6586
0.8725
0.7253
0.9185
0.9458
0.8577
0.9063
0.7341
0.8966
0.8823
0.9102
0.7508
0.9333
0.7147
0.6707
0.5039
0.9181
0.8124
0.7891
0.9434
0.8368
0.5999
0.8167
0.7238
0.7440
0.7828
0.8608
0.8774
0.7732
0.9209
0.4513
0.8457
0.7873
0.8707
0.8975
0.8330
0.7158
0.7878
0.6045
0.8834
0.9087
0.9138
0.9335
0.9346
0.9489
0.9114
0.9376
0.9348
0.9351
0.9318
0.8819
0.8519
0.9083
0.9174
0.8765
0.9644
0.8398
0.6712
0.8381
0.9571
0.9060
0.9779
0.9239
0.7967
0.9579
0.7745
0.9210
0.9516
0.1291
0.8551
0.9157
0.9352
0.9584
0.9484
0.9053
0.8780
0.8553
0.3437
0.8983
0.7507
0.5796
0.8944
0.8534
0.9038
0.8300
0.9147
0.9267
0.9366
0.8747
0.9339
0.7972
0.9354
0.7246
0.9126
0.8140
0.9173
0.8569
0.8023
0.9012
0.9591
0.9495
0.8579
0.7549
0.9382
0.9497
0.8607
0.8527
0.9239
0.9460
0.8723
0.9171
0.8605
0.8248
0.9059
0.9719
0.9196
0.9639
0.5736
0.9505
0.8919
0.6717
0.7623
0.8908
0.7888
0.5511
0.6846
0.9484
0.8250
0.9307
0.9103
0.7056
0.9190
0.8702
0.8822
0.9677
