0.9251
0.9460
0.9664
1.0000
0.6516
0.9409
0.9965
0.8183
0.9548
0.8105
0.8319
0.9538
0.9422
0.7138
0.6481
0.9317
0.9511
0.4833
0.7737
0.7848
0.8081
0.8986
0.4345
0.5773
0.9600
0.9907
0.9414
0.7469
0.8721
0.7902
0.9861
0.7790
0.5916
0.9367
0.8487
0.9219
0.6723
0.8961
0.7875
0.8205
0.8678
0.9065
0.5354
0.7269
0.8151
0.9154
0.8425
0.8198
0.9165
0.9226
0.9711
0.9785
0.7441
0.8468
0.5579
0.9945
0.9674
0.9225
0.9835
0.9943
0.9459
0.9470
0.6890
0.6111
0.8891
0.9499
0.7357
0.7775
0.8419
0.9900
1.0000
0.9813
0.8739
0.9879
0.9725
0.9044
0.9897
0.9678
0.9165
0.8346
0.9200
0.8800
0.6800
0.8836
0.9916
0.8179
0.6576
0.9605
0.9043
0.7153
0.9573
0.9209
0.8238
0.9899
0.9929
0.8519
0.9872
0.9657
0.7454
0.7376
0.5603
0.4871
0.9922
0.9528
0.7501
0.9262
0.8667
0.8538
0.9278
0.8890
0.9918
0.8966
0.8925
0.7315
0.9956
0.9673
0.8433
0.8452
0.8370
0.8628
0.9697
0.8148
0.9636
0.9232
0.9918
0.9523
0.7351
0.7251
0.8655
0.9451
0.7654
0.6415
0.1825
0.8690
0.6232
0.9796
0.9468
0.8821
0.9817
0.9881
0.9700
0.7398
0.9482
0.4621
0.9706
0.5382
0.6240
0.8747
0.7455
0.9557
0.8075
0.8394
0.8257
0.9383
0.8921
0.9892
0.8842
0.8752
0.9210
0.5810
0.8994
0.7497
0.9766
0.7496
0.8203
1.0000
1.0000
0.5338
0.7740
0.7861
0.6928
0.7383
0.9868
0.9088
0.9121
0.7748
0.3146
0.6821
0.8763
0.9023
0.7405
0.9626
0.5661
0.9812
0.9887
0.9964
1.0000
0.8782
0.6903
0.3315
0.9895
0.7056
0.9313
0.9514
0.9711
0.9371
0.9729
0.6146
0.8757
0.9462
0.4991
0.9457
0.9730
0.9168
0.4921
0.9499
0.8316
0.9362
0.9929
0.8791
0.9950
0.8548
0.8004
0.3273
0.8703
0.7209
0.7881
0.9880
0.8148
0.8830
0.8266
0.3523
0.6955
0.9426
0.7172
0.9490
0.9896
0.6117
0.9876
0.8370
0.2606
0.7852
0.9610
0.9840
0.9954
0.9946
0.9405
0.9348
0.9812
0.9035
0.9473
0.9767
0.7508
0.8847
0.9247
0.9670
0.7083
0.9517
0.2761
0.5559
0.2783
0.9395
0.6383
0.9148
0.7416
0.9337
0.9651
0.9161
0.9008
0.9335
0.9904
0.9353
0.7736
0.9706
0.9849
0.9048
0.9715
0.4606
0.9885
0.8752
0.7053
0.8612
0.7916
0.8464
0.9334
0.9371
0.9209
0.7128
0.9094
0.9248
0.9476
0.8786
0.5071
0.5788
0.9448
0.9760
0.9863
0.8883
0.5135
0.4519
0.9413
0.8524
0.5592
0.9763
0.9525
0.8940
0.9708
0.9068
0.3815
0.5731
0.8587
0.9616
0.5301
0.9309
0.9096
0.9800
0.8338
0.8939
0.4892
0.9903
0.4842
0.9966
0.6813
0.9511
0.7995
0.8103
0.8611
0.8714
0.3352
0.8524
0.8940
0.6419
1.0000
0.8315
0.9809
0.9654
0.9368
0.9479
0.8004
0.9855
0.1995
0.5233
0.9638
0.9190
0.8973
0.6909
0.7766
0.9643
0.8493
0.8559
0.7494
0.9301
0.6627
0.9826
0.8316
0.8890
0.9170
0.9882
0.4990
0.9973
0.9489
0.9666
0.8999
0.9448
0.8996
0.9755
0.3901
0.9809
0.9254
0.9651
0.9883
0.4536
0.9789
0.9359
0.4193
0.6943
0.8344
0.7481
0.8626
0.9356
0.6518
0.7363
0.7647
0.9163
0.9139
0.9266
0.4634
0.9197
0.8979
0.9138
0.8650
0.8212
0.4750
0.7802
0.9091
0.2081
0.7649
0.9632
0.9091
0.7252
0.9945
0.7730
0.9690
0.9635
0.9549
0.8770
0.9900
0.9643
0.9184
0.5619
0.8001
0.8702
0.9649
0.8902
0.8199
0.9572
0.9581
0.9484
0.5884
0.9290
0.7575
0.7111
0.6960
0.9165
0.4547
0.5194
0.9933
0.9929
0.7720
0.2628
0.9797
0.7913
0.6666
0.6512
0.6778
0.6841
0.8922
0.9008
0.8598
0.9467
0.9546
1.0000
0.9505
0.9952
0.9949
0.9697
0.8834
0.8964
0.9717
0.6103
0.9522
0.8640
0.9917
0.9285
0.8936
0.9437
0.9532
0.4814
0.6160
0.8248
0.9636
0.8209
0.8946
0.8738
0.7359
0.4705
0.9858
0.9070
0.3479
0.9330
0.9250
0.7738
0.9941
0.7543
0.9943
0.7059
0.9057
0.5750
0.8638
