0.9251
0.9962
0.9664
1.0000
0.6516
0.9969
0.9965
0.8316
0.9548
0.9557
0.8564
0.9667
0.9422
0.7501
0.6481
0.9317
0.9511
0.2177
0.7737
0.7848
0.8334
0.8986
0.4345
0.7939
0.9600
1.0000
0.9176
0.7469
0.7176
0.7902
0.9861
0.6698
0.5916
0.9367
0.8487
0.9219
0.9662
0.8961
0.8490
0.8139
0.8678
0.9065
0.5354
0.8214
0.7851
0.9873
0.8669
0.8198
0.7450
0.8994
0.9711
0.9785
0.7441
0.8468
0.4335
0.9945
0.9099
0.9225
0.9835
0.9943
0.9459
0.9470
0.7351
0.6616
0.8891
0.9499
0.8117
0.7775
0.8825
0.9900
1.0000
0.9767
0.8739
0.9879
0.9725
0.8319
0.9897
0.9678
0.8895
0.8296
0.9200
0.8590
0.8165
0.8836
0.9916
0.8179
0.6729
0.9605
0.9305
0.6698
0.9573
0.9209
0.8238
0.9899
0.9929
0.8519
0.9872
0.9657
0.7454
0.7376
0.5603
0.5380
0.9922
0.9013
0.7501
0.9262
0.8655
0.8538
0.9278
0.8734
0.9918
0.8966
0.8925
0.7315
0.9731
0.9673
0.8421
0.8452
0.8370
0.8628
0.9697
0.8148
0.9636
0.8724
0.9918
0.9523
0.7351
0.8388
0.8655
0.9451
0.7740
0.6415
0.3212
0.8690
0.6232
0.7405
0.9468
0.8936
0.9817
0.9881
0.9700
1.0000
0.9482
0.7534
0.9706
0.5138
0.6852
0.8747
0.8642
0.9557
0.8075
0.8512
0.7645
0.9881
0.9059
0.9892
0.9041
0.8752
0.9210
1.0000
0.8994
0.6727
0.9766
0.7496
0.9204
0.6614
1.0000
0.8896
0.7605
0.7861
0.6928
0.5770
0.9868
0.9088
0.9121
0.8583
0.5933
0.8677
0.8763
0.9727
0.5703
0.9626
0.5661
0.9812
0.9887
0.9964
1.0000
0.8844
0.6903
0.3247
0.9895
0.7056
0.9313
0.9687
0.9711
0.9371
0.9729
0.5679
0.8659
0.9462
0.5406
0.9457
0.9730
0.9262
0.4062
0.9730
0.8295
0.9362
0.9929
0.8791
0.9950
0.8548
0.8004
0.3273
0.8962
0.7209
0.4609
0.9880
0.8815
0.8830
0.8266
0.2508
0.6955
0.9426
0.7213
0.9490
0.9896
0.6744
0.9876
0.8370
0.3666
0.7852
0.9610
0.9840
0.9954
0.9946
0.8648
0.9348
0.9812
0.9035
0.9473
0.9767
0.7508
0.8491
0.9247
0.9670
0.7570
0.9517
0.5134
0.5559
0.8981
0.9743
0.6470
0.9148
0.9173
0.9484
0.9292
0.9161
0.9467
0.8059
0.9904
0.9353
0.7736
0.9706
0.9849
0.9048
0.9715
0.4606
0.9885
0.9527
0.8609
0.8612
0.8040
0.8464
0.9334
0.9371
0.9407
0.7128
0.9094
0.8857
0.9476
0.8786
0.9377
0.5788
0.9448
0.9760
0.9863
0.8883
0.6796
1.0000
0.9413
0.8524
0.5592
0.9763
0.9525
0.8940
0.9708
0.9068
0.3815
0.8128
0.8587
0.9616
0.5301
0.9309
0.9096
0.9800
0.8338
0.8939
0.4176
0.9338
0.8385
0.9966
0.4340
0.7356
0.7995
0.8103
0.8611
0.7211
0.9631
0.8524
0.8940
0.6419
1.0000
0.8315
0.9809
0.9654
0.9368
0.9960
0.9668
0.9855
0.2647
0.5233
0.9638
0.9190
0.8973
0.6909
0.7766
0.9643
0.8493
0.8559
0.7494
0.9301
0.6627
0.8160
0.8316
0.9673
0.9251
0.9882
0.4662
0.9973
0.9489
0.9666
0.8999
0.9448
0.8996
0.9755
0.7471
0.9809
0.9254
0.9651
0.9883
0.4536
0.9789
0.9359
0.3864
0.6943
0.8137
0.7481
0.8626
0.9356
0.6710
0.7037
0.7647
0.9163
0.9139
0.9954
0.4634
0.9197
0.8979
0.9138
0.8650
0.8212
0.4750
0.8784
0.9091
0.2081
0.9035
0.9632
0.9091
0.7252
0.9730
0.7730
0.9690
0.9635
0.9549
0.8770
0.9900
0.9397
0.9184
0.6039
0.8001
0.7622
0.9649
0.8902
0.8199
0.9572
0.9581
0.9484
0.5223
0.9170
0.7575
0.7359
0.7566
0.9165
0.4487
0.9131
0.9933
0.9929
0.9272
0.2492
0.9797
0.8099
0.6666
0.9777
0.6194
0.9113
0.8922
0.9008
0.8598
0.9467
0.9546
1.0000
0.9505
0.9027
0.9949
0.9697
0.5927
0.8964
0.9717
0.7166
0.9522
0.9062
0.9917
0.9369
0.8936
0.9437
0.9624
0.5385
0.6160
0.9384
0.9636
0.8209
0.8946
0.8738
0.7815
0.8255
0.9887
0.9070
0.5573
0.9330
0.9250
0.9229
0.9941
0.7543
0.9943
0.9711
0.9057
0.5510
0.8638
