0.8532
0.6045
0.8882
0.8050
0.8719
0.9533
0.8935
0.9410
0.8278
0.7824
0.9090
0.9066
0.9588
0.8998
0.9731
0.7781
0.6885
0.9060
0.8869
0.9396
0.9077
0.9516
0.7560
0.7907
0.8865
0.7334
0.9050
0.9392
0.9437
0.8838
0.9607
0.9257
0.7340
0.8878
0.8843
0.8589
0.7412
0.5751
0.9678
0.8982
0.8193
0.9240
0.8062
0.7646
0.8090
0.8465
0.8892
0.9212
0.8813
0.8884
0.9271
0.8888
0.8875
0.8257
0.7405
0.7762
0.8416
0.6527
0.5283
0.8876
0.7580
0.5768
0.3705
0.9297
0.6879
0.7368
0.7290
0.6223
0.6870
0.6397
0.7552
0.7271
0.8297
0.6046
0.7660
0.7505
0.7584
0.8962
0.5177
0.9513
0.8235
0.6074
0.7824
0.8269
0.6074
0.6572
0.9335
0.8041
0.7514
0.7506
0.8403
0.8092
0.7434
0.7593
0.8644
0.8496
0.6262
0.7607
0.7788
0.7920
0.8699
0.8789
0.6946
0.3128
0.8118
0.6404
0.5588
0.7266
0.8530
0.7112
0.7279
0.7938
0.7511
0.8489
0.7492
0.4597
0.7768
0.8289
0.8329
0.7569
0.7778
0.8951
0.8741
0.9489
0.7693
0.6883
0.7096
0.8372
0.7645
0.7451
0.7596
0.8929
0.7322
0.7317
0.7711
0.9228
0.8952
0.7005
0.8351
0.6089
0.9535
0.8716
0.9082
0.9368
0.9078
0.7404
0.8524
0.8587
0.8642
0.8807
0.7210
0.7096
0.8515
0.7465
0.5594
0.7794
0.7716
0.9333
0.8514
0.9398
0.9130
0.9760
0.9328
0.8596
0.9567
0.8595
0.8356
0.5813
0.5005
0.7505
0.9194
0.8606
0.8455
0.9123
0.9154
0.8881
0.7505
0.8988
0.7503
0.8764
0.9262
0.8638
0.9451
0.9692
0.8749
0.8977
0.8945
0.9620
0.5634
0.8397
0.8684
0.6990
0.7003
0.8190
0.7926
0.9226
0.8313
0.3420
0.6932
0.8376
0.9171
0.7834
0.8382
0.8975
0.7383
0.6404
0.9424
0.9420
0.9055
0.6216
0.8610
0.9022
0.8169
0.9266
0.9312
0.9672
0.9170
0.7352
0.7733
0.9821
0.8751
0.9815
0.7485
0.6309
0.5062
0.7476
0.6230
0.3616
0.7287
0.7358
0.4266
0.8500
0.4759
0.3590
0.7656
0.4001
0.9028
0.8587
0.6843
0.9781
0.9262
0.8546
0.6742
0.7963
0.7190
0.7692
0.8630
0.8296
0.8739
0.7391
0.9007
0.9247
0.8325
0.7880
0.7675
0.7174
0.8680
0.8728
0.6664
0.7406
0.9213
0.9059
0.5190
0.8578
0.8791
0.9221
0.7786
0.8791
0.9392
0.8245
0.8156
0.9161
0.8441
0.6820
0.6581
0.6763
0.8727
0.6719
0.7403
0.8645
0.8462
0.9569
0.8732
0.9040
0.8927
0.9129
0.7740
0.8954
0.7246
0.8700
0.9847
0.7525
0.8586
0.9401
0.9444
0.9086
0.9175
0.8455
0.7785
0.7723
0.9238
0.9491
0.9720
0.9102
0.8983
0.8503
0.8756
0.8404
0.6691
0.8038
0.8932
0.8596
0.9610
0.9291
0.9885
0.9491
0.9108
0.9338
0.9137
0.8421
0.9236
0.7711
0.8906
0.9199
0.7561
0.9797
0.8657
0.8797
0.9783
0.9422
0.8835
0.9157
0.9738
0.9260
0.7692
0.8907
0.9000
0.8708
0.9734
0.7992
0.9924
0.9048
0.8777
0.8780
0.9396
0.7428
0.9206
0.9247
0.6750
0.9089
0.6839
0.6321
0.7260
0.7980
0.8853
0.9844
0.9028
0.8946
0.6998
0.8088
0.8520
0.8786
0.9395
0.3692
0.8335
0.9136
0.7953
0.8732
0.6914
0.8046
0.8324
0.6667
0.9057
0.6812
1.0000
0.7112
0.7004
0.6786
0.6959
0.5528
0.8899
0.6951
0.8676
0.7580
0.8145
0.8504
0.8387
0.4804
0.8059
0.6783
0.7202
0.5163
0.7552
0.7136
0.8057
0.8027
0.7426
0.8396
0.9356
0.7230
0.7987
0.9059
0.6600
0.4337
0.9588
0.8740
0.5187
0.6121
0.5815
0.5964
0.7415
0.5896
0.8054
0.5829
0.9344
0.9338
0.8712
0.6069
0.4528
0.7901
0.9196
0.7064
0.8638
0.7476
0.7297
0.7569
0.7980
0.8496
0.8392
0.8479
0.7612
0.9729
0.7349
0.8667
0.8909
0.9500
0.9113
0.7952
0.7431
0.8613
0.8556
0.9592
0.8577
0.9048
0.9728
0.9677
0.5919
0.7991
0.5538
0.8115
0.8072
0.9338
0.9174
0.8613
0.8949
0.8604
0.8795
0.9036
0.5731
0.8458
0.8525
0.7304
0.8024
0.9676
0.7706
0.7334
0.8298
0.9247
0.8806
0.9209
0.8443
0.8081
0.7696
0.8416
0.6632
0.7709
0.9606
0.9234
0.7296
0.7772
0.8456
0.8503
0.9000
0.8151
0.5686
0.8776
0.8622
0.8941
0.9134
0.5783
0.6986
0.9248
0.6176
0.8608
0.5659
0.8113
0.9007
0.8525
0.7555
0.8625
0.8385
0.9600
0.9481
0.8158
0.6706
0.8884
0.8902
0.8689
0.8213
0.9224
0.8417
0.9418
0.5932
0.8777
0.8094
0.7436
0.8353
0.8055
0.7356
0.8972
0.7765
0.9096
0.7533
0.7942
0.9043
0.8980
0.9653
0.9396
0.9934
0.6871
0.8618
0.7091
0.3792
0.9359
0.5667
0.9699
0.9681
0.9775
0.9674
0.9508
0.9337
0.9711
0.9265
0.9419
0.9808
0.9006
0.9755
0.7468
0.9344
0.9631
0.9231
0.9895
1.0000
0.9034
0.9703
0.6677
0.8203
0.8274
0.9240
0.7504
0.9263
0.8965
0.8192
0.8624
0.7601
0.3162
0.8950
0.7382
0.7167
0.8049
0.8981
0.8114
0.8585
0.9174
0.7726
0.8291
0.9112
0.5433
0.8441
0.7596
0.9339
0.9148
0.9427
0.7807
0.8507
0.8126
0.7158
0.7372
0.8055
0.8701
0.4933
0.9320
0.7567
0.7422
0.6049
0.8720
0.8844
0.7705
0.6576
0.9587
0.6404
0.8972
0.7958
0.8771
0.8592
0.9449
0.8800
0.8437
0.7354
0.7893
0.7855
0.7930
0.8945
0.9416
0.9339
0.8546
0.9464
0.8406
0.8461
1.0000
0.5429
0.8556
0.5098
0.9557
0.8117
0.8953
0.9085
0.9386
0.8800
0.9194
0.8846
0.9074
0.8314
0.9592
0.9213
0.9832
0.5188
0.7727
0.9614
0.9517
0.8761
0.8208
0.9474
0.6540
0.8465
0.9080
0.8704
0.9290
0.8858
0.8481
0.8160
0.8038
0.7552
0.8925
0.9413
0.8951
0.9443
0.9052
0.7115
0.8943
0.8415
0.6822
0.7904
0.8003
0.8913
0.8436
0.8022
0.9439
0.8981
0.6798
0.8259
0.7550
0.4696
0.8457
0.5544
0.6435
0.7996
0.8571
0.8164
0.8688
0.9471
0.7852
0.8667
0.5375
0.7999
0.4407
0.8038
0.8781
0.8203
0.8115
0.7282
0.8258
0.6833
0.7944
0.7377
0.7764
0.7344
0.9505
0.9435
0.9343
0.9263
0.8723
0.8915
0.9331
0.8674
0.7999
0.8111
0.8377
0.6874
0.8603
0.9104
0.8868
0.9134
0.6652
0.8704
0.9899
0.8518
0.7391
0.9486
0.8093
0.7033
0.7716
0.7899
0.8709
0.8190
0.9396
0.6340
0.9360
0.6953
0.7159
0.8111
0.8724
0.9177
0.9042
0.8471
0.9388
0.7984
0.8071
0.7544
0.7664
0.9068
0.8726
0.7768
0.8186
0.8427
0.9065
0.9239
0.9408
0.8029
0.8128
0.8415
0.8397
0.7739
0.8775
0.7154
0.8604
0.9053
0.8058
0.9318
0.8471
0.8454
0.6994
0.8826
0.9372
0.7933
0.5870
0.8883
0.9570
0.8511
0.9172
0.9005
0.7839
0.6707
0.7259
0.7967
0.9282
0.8971
0.9020
0.9081
0.9058
0.8730
0.8404
0.9524
0.9537
0.9021
0.9401
0.8520
0.7384
0.4862
0.8708
0.8644
0.6160
0.9245
0.6627
0.7695
0.7648
0.3716
0.7998
0.3106
0.6400
0.6722
0.7514
0.8476
0.9452
0.8494
0.8933
0.5207
0.8792
0.9345
0.6199
0.9247
0.9353
0.8893
0.8793
0.8741
0.9135
0.6668
0.9496
0.9690
0.8488
0.7968
0.6972
0.7909
0.7700
0.7442
0.7528
0.7933
0.8941
0.7975
0.5965
0.8307
0.8754
0.8714
0.9096
0.8003
0.8887
0.8611
0.8812
0.8174
0.8176
0.7353
0.4104
0.5684
0.6192
0.8260
0.8394
0.8580
0.8907
0.7457
0.8111
0.8433
0.6603
0.5811
0.7502
0.5687
0.8646
0.8445
0.8367
0.9162
0.8025
0.7859
0.8538
0.9461
0.8666
0.6079
0.3599
0.8680
0.8006
0.8974
0.8301
0.8621
0.9436
0.7872
0.6895
0.7929
0.7287
0.8718
0.6421
0.7940
0.7738
0.6451
0.5482
0.8880
0.7495
0.7512
0.8784
0.8636
0.5932
0.8051
0.9354
0.7645
0.8073
0.5302
0.8634
0.7575
0.5534
0.5964
0.8858
0.7740
0.8647
0.7947
0.6201
0.8898
0.8594
0.8428
0.8135
0.8513
0.8672
0.8055
0.9335
0.7916
0.8423
0.7596
0.6707
0.8739
0.6001
0.8979
0.7675
0.8874
0.8533
0.9490
0.9260
0.8228
0.6755
0.9010
0.9059
0.6383
0.9136
0.8866
0.7322
0.9012
0.2667
0.8737
0.6654
0.6736
0.9470
0.1674
0.4359
0.5979
0.6554
0.5427
0.7489
0.9070
0.8150
0.9056
0.8591
0.9662
0.7341
0.5625
0.8261
0.8576
0.8997
0.7292
0.9563
0.6909
0.9090
0.7745
0.7293
0.8694
0.5690
0.8201
0.9295
0.7143
0.9418
0.7635
0.7784
0.9240
0.8317
0.8819
0.8083
0.9496
0.8599
1.0000
0.9412
0.8852
0.8551
0.7491
0.7354
0.8909
0.8021
0.9077
0.8835
0.8561
0.7809
0.9587
0.9208
0.5217
0.7474
0.9420
0.7237
0.6970
0.6915
0.7176
0.7903
0.6813
0.9479
0.8957
0.8402
0.5398
0.8621
0.8167
0.7749
0.8139
0.8166
0.8777
0.8615
0.9209
0.8252
0.9130
0.6877
0.5574
0.7116
0.5083
0.8457
0.8549
0.6632
0.7955
0.3491
0.6858
0.7194
0.9413
0.8598
0.9193
0.9018
0.6482
0.5441
0.7405
0.8357
0.7364
0.8572
0.3684
0.6451
0.6247
0.8187
0.8791
0.7621
0.7429
0.7148
0.7417
0.6432
0.3098
0.5796
0.7221
0.8177
0.8351
0.7719
0.8724
0.8474
0.7895
0.8534
0.6483
0.8981
0.9021
0.8176
0.9855
0.7823
0.9392
0.6743
0.8919
0.8850
0.6651
0.8871
0.9543
0.8346
0.8142
0.9341
0.5921
0.7244
0.7480
0.8611
0.9340
0.7728
0.7565
0.8392
0.5259
0.8729
0.9014
0.9354
0.8661
0.7959
0.9077
0.7861
0.8764
0.4744
-0.0311
0.8944
0.7572
0.8819
0.8826
0.8749
0.9643
0.8241
0.6998
0.8832
0.8120
0.8358
0.8109
0.6681
0.9333
0.8261
0.8971
0.8475
0.7421
0.5751
0.7751
0.6561
0.7908
0.7114
0.7015
0.4281
0.3656
0.9082
0.6683
0.5212
0.8847
0.8970
0.7808
0.7779
0.8292
0.8155
0.6913
0.9650
0.7962
0.7495
0.8223
0.5477
0.6100
0.9353
0.8467
0.7208
0.8837
0.8326
0.9338
0.8453
0.9116
0.7992
0.9027
0.9356
0.7849
0.7935
0.8861
0.8509
0.4862
0.5359
0.7246
0.7169
0.7323
0.8321
0.8107
0.8460
0.8575
0.8254
1.0000
0.8584
0.8927
0.6830
0.3629
0.8886
0.7371
0.7847
0.8841
0.9214
0.5606
0.7306
0.4915
0.9029
0.8895
0.7094
0.9222
0.6098
0.8410
0.9438
0.8873
0.9026
0.8704
0.7123
0.8815
0.3843
0.7789
0.6848
0.8260
0.9308
0.8639
0.7882
0.9648
0.8501
0.8501
0.8419
0.7751
0.8422
0.6693
0.8697
0.8322
0.8029
0.7963
0.8323
0.8868
0.8711
0.9134
0.7264
0.9311
0.8760
0.7785
0.8753
0.8541
0.8193
0.7678
0.8772
0.9274
0.6332
0.8250
0.6981
0.8623
0.9323
0.7762
0.9032
0.6964
0.9550
0.8334
0.8193
0.8835
0.8210
0.9324
0.8142
0.9581
0.6209
0.9407
0.9294
0.8397
0.4164
0.7469
0.1921
0.7858
0.7578
0.6165
0.7607
0.3271
0.6918
0.9347
0.6694
0.8212
0.5772
0.7842
0.9177
0.7821
0.9560
0.8131
0.9858
0.8990
0.8220
0.7782
0.8174
0.8463
0.8372
0.9276
0.8998
0.9425
0.8961
0.7567
0.9606
0.8770
0.4388
0.8221
0.9300
0.8811
0.8607
0.9478
0.6338
0.8069
0.9280
0.8916
0.9270
0.9052
0.7926
0.8848
0.7266
0.7527
0.8749
0.9190
0.8678
0.9608
0.8317
0.7022
0.7282
0.8470
0.6440
0.7473
0.9240
0.8171
0.9830
0.7974
0.7296
0.8617
0.8131
0.7126
0.9243
0.8011
0.7389
0.9213
0.8314
0.8740
0.7467
0.6593
0.7026
0.9350
0.6682
0.7790
0.6014
0.7535
0.6036
0.8256
0.9613
0.5320
0.5668
0.6023
0.9194
0.8953
0.4676
0.9216
0.8913
0.6299
0.8386
0.7674
0.8663
0.8086
0.9173
0.7801
0.8006
0.7152
0.4202
0.6598
0.9162
0.8028
0.6285
0.8468
0.8604
0.8911
0.9488
0.7360
0.8884
0.8246
0.7872
0.9265
0.8789
0.9263
0.7786
0.8573
0.7991
0.9220
0.9155
0.9524
0.9113
0.8873
0.8098
0.8932
0.9273
0.9081
0.8048
0.8536
0.7056
0.8705
0.8582
1.0000
0.9152
0.7775
0.5856
0.8528
0.7799
0.6996
0.7497
0.9348
0.3438
0.9090
0.9173
0.7840
0.7816
0.9255
0.9452
0.6183
0.7715
0.8070
0.6958
0.8413
0.8154
0.7249
0.8758
0.8238
0.7803
0.8274
0.6334
0.9217
0.6464
0.5503
0.8749
0.5543
0.9338
0.8633
0.8845
0.8580
0.8479
0.5456
0.7639
0.7768
0.7426
0.7571
0.7175
0.7513
0.8385
0.7215
0.6805
0.7096
0.6816
0.7150
0.8657
0.8533
0.7929
0.9289
0.7800
0.8509
0.7282
0.7207
0.7290
0.9057
0.8028
0.8640
0.8237
0.9447
0.9251
0.8192
0.7566
0.4894
0.8626
0.4542
0.8657
0.9023
0.8873
0.9096
0.5099
0.6467
0.9037
0.8378
0.6209
0.3364
0.9493
0.8682
0.7403
0.8301
0.8216
0.6899
0.8141
0.4426
0.7636
0.8434
0.7601
0.8873
0.9319
0.9230
0.8952
0.6619
0.6299
0.7803
0.7494
0.3053
0.5919
0.8286
0.8226
0.7585
0.7617
0.8580
0.3116
0.6724
0.7439
0.7413
0.8683
0.6546
0.8505
0.7538
0.4123
0.8206
0.6731
0.7915
0.7837
0.8240
0.8407
0.8978
0.8390
0.6325
0.9181
0.9010
0.8495
0.7642
0.8978
0.8319
0.5898
0.9491
0.7333
0.9885
0.6535
0.7891
0.8086
0.8836
0.9799
0.8750
0.7244
0.8734
0.8659
0.9432
0.6263
0.8424
0.7689
0.6803
0.4749
0.8919
0.8652
0.8596
0.9096
0.8253
0.6477
0.3851
0.7251
0.7893
0.6296
0.8703
0.6840
0.8872
0.8484
0.7426
0.8328
0.8779
0.8263
0.8170
0.8108
0.9195
0.9078
0.7392
0.6081
0.7824
0.7304
0.8105
0.5339
0.8560
0.8387
0.8484
0.8216
0.5953
0.7167
0.9005
0.7650
0.7580
0.9491
0.9460
0.8644
0.8464
0.7310
0.9051
0.8289
0.8652
0.8344
0.7990
0.7928
0.8322
0.9057
0.7589
0.8622
0.8438
0.9318
0.8566
0.2513
0.9399
0.8733
0.9411
0.9055
0.9355
0.9666
0.9633
0.9442
0.9255
0.9237
0.9191
0.9579
0.9483
0.8961
0.9291
0.9487
0.8651
0.9123
0.8722
0.9232
0.9757
0.7227
0.9320
0.9203
0.7401
0.8670
0.6302
0.7195
0.7486
0.8798
0.8554
0.9405
0.8974
0.7910
0.5021
0.8263
0.7858
0.8181
0.5033
0.8318
0.7186
0.9088
0.8525
0.9250
0.8842
0.7883
0.8119
0.7772
0.7799
0.7704
0.6770
0.7925
0.6108
0.8108
0.9267
0.9164
0.9076
0.7119
0.7947
0.9196
0.8647
0.7408
0.9316
0.8752
0.9176
0.9311
0.9550
0.7783
0.8287
0.8463
0.7450
0.6269
0.7037
0.7097
0.7665
0.8431
0.8906
0.9158
0.9630
0.9053
0.8586
0.8963
0.8663
0.9451
0.9059
0.8746
0.8992
0.8779
0.9118
0.6608
0.8748
0.7184
0.8355
0.7994
0.7304
0.5018
0.6549
0.8855
0.8255
0.4704
0.5555
0.8695
0.7026
0.3876
0.8880
0.6122
0.4153
0.3442
0.7346
0.5263
0.7957
0.1739
0.6660
0.3259
0.4797
0.6766
0.5300
0.2754
0.4197
0.5795
0.6564
0.8586
0.6984
0.8630
0.9369
0.9173
0.7465
0.8888
0.7770
0.5461
0.8628
0.7801
0.5470
0.7872
0.9136
0.9210
0.8503
0.8815
0.8447
0.9577
0.8860
0.9278
0.6656
0.7568
0.4899
0.9110
0.8439
0.9288
0.9506
0.9252
0.8793
0.9242
0.9328
0.9152
0.8363
0.8663
0.8509
0.9140
0.9270
0.9384
0.9332
0.8850
0.9117
0.4223
0.9251
0.6703
0.6847
0.8124
0.2662
0.7621
0.4710
0.7590
0.8573
0.8270
0.7097
0.8057
0.9384
0.9011
0.8651
0.8681
0.8553
0.7282
0.9597
0.7194
0.6132
0.6851
0.4320
0.2904
0.8146
0.7738
0.5802
0.8447
0.4823
0.2920
0.7598
0.8227
0.7593
0.4069
0.8442
0.8465
0.7269
0.9315
0.7034
0.7105
0.8401
0.9281
0.8706
0.7006
0.8238
0.8331
0.7961
0.9226
0.9216
0.8295
0.9299
0.8181
0.9574
0.8459
0.7783
0.4345
0.9487
0.9110
0.7539
0.8636
0.8853
0.8461
0.9117
0.7860
0.8324
0.6549
0.7423
0.9783
0.8453
0.9875
0.8281
0.6409
0.9051
0.8340
0.9206
0.9653
0.2122
0.7306
0.6667
0.9078
0.9584
0.9706
0.8919
0.8829
0.7122
0.4881
0.9068
0.8742
0.6761
0.9260
0.4997
0.9238
0.8300
0.8314
0.9267
0.9366
0.8220
0.9339
0.5058
0.8869
0.7853
0.7124
0.4506
0.8801
0.9087
0.8403
0.9054
0.8808
0.9200
0.5832
0.6915
0.8978
0.9506
0.6671
0.9132
0.9478
0.9460
0.8732
0.8774
0.9496
0.8614
0.8618
0.9719
0.8870
0.9770
0.6359
0.6747
0.9618
0.6784
0.8086
0.8556
0.4758
0.7511
0.7367
0.8741
0.8602
0.8904
0.7610
0.4038
0.8941
0.7660
0.9409
0.9593
