0.8401
0.6318
0.7875
0.7785
0.5461
0.9736
0.8935
0.9394
0.7231
0.9067
0.9125
0.9320
0.9588
0.8998
0.9295
0.8505
0.7406
0.8826
0.8880
0.8714
0.9116
0.9402
0.7560
0.7164
0.8733
0.6072
0.9353
0.7101
0.8780
0.8001
0.9600
0.8839
0.8264
0.7761
0.8843
0.8589
0.7412
0.5751
0.9683
0.8826
0.8193
0.7612
0.2303
0.5049
0.8223
0.8465
0.8903
0.8878
0.8879
0.8672
0.9372
0.9065
0.8942
0.8021
0.5526
0.8110
0.8823
-0.0193
0.5910
0.6892
0.8840
0.5768
0.5464
0.9114
0.6879
0.7368
0.2705
0.7827
0.6580
0.6397
0.7680
0.7235
0.8374
0.7028
0.7191
0.8010
0.7692
0.8966
0.5177
0.8916
0.8235
0.7372
0.7571
0.6040
0.5320
0.3827
0.7989
0.7660
0.8211
0.9133
0.8659
0.8284
0.8841
0.2860
0.8937
0.7076
0.6530
0.8097
0.7788
0.7920
0.7845
0.8526
0.4834
0.8156
0.6529
0.6012
0.4369
0.7067
0.7703
0.7130
0.8057
0.7786
0.8815
0.8882
0.7492
0.4804
0.6737
0.8564
0.8138
0.6531
0.9167
0.7753
0.8089
0.9297
0.8877
0.4155
0.7096
0.8372
0.6929
0.6478
0.7788
0.8399
0.8218
0.7383
0.7422
0.6120
0.8573
0.6789
0.8927
0.6546
0.9185
0.9440
0.8796
0.9489
0.8999
0.8598
0.8142
0.7666
0.7689
0.8101
0.6397
0.7046
0.2331
0.7795
0.5941
0.6244
0.7262
0.9486
0.8435
0.9398
0.9044
0.9380
0.9253
0.8853
0.9376
0.8905
0.8322
0.6243
0.6067
0.6935
0.9194
0.8333
0.7633
0.7671
0.9154
0.8780
0.7048
0.8533
0.6032
0.9386
0.9057
0.8638
0.9126
0.9569
0.8530
0.8810
0.7208
0.8840
0.5634
0.5674
0.8109
0.7185
0.7407
0.8483
0.7822
0.9097
0.8375
0.4534
0.6932
0.2709
0.9171
0.7834
0.8382
0.8326
0.7509
0.6148
0.9265
0.8789
0.8104
0.6216
0.8508
0.7462
0.8169
0.9528
0.9081
0.9681
0.9170
0.6756
0.7653
0.9821
0.8818
0.9775
0.7485
0.3303
0.7802
0.7182
0.5680
0.3198
0.4136
0.9233
0.5399
0.8047
0.5602
0.5897
0.7581
0.6781
0.8395
0.7973
0.7123
0.9781
0.9262
0.8704
0.6566
0.8078
0.7921
0.7820
0.8585
0.3469
0.8400
0.7391
0.9007
0.9017
0.8603
0.7818
0.7406
0.6569
0.8286
0.8699
0.5793
0.7746
0.9229
0.8884
0.4847
0.8837
0.7861
0.9335
0.7973
0.0031
0.9615
0.7456
0.7443
0.8763
0.7747
0.5672
0.6680
0.8589
0.9248
0.8301
0.8701
0.8694
0.9256
0.9185
0.8484
0.7774
0.8927
0.8970
0.7740
0.9175
0.7246
0.8700
0.9847
0.7525
0.8920
0.9423
0.9434
0.9428
0.4936
0.9284
0.7293
0.7352
0.9225
0.9491
0.9569
0.8921
0.9011
0.8164
0.8756
0.8404
0.6438
0.8038
0.9502
0.8690
0.9648
0.8269
0.9029
0.9491
0.9635
0.9238
0.8321
0.9423
0.9041
0.9395
0.8366
0.9239
0.7844
0.9608
0.8658
0.8749
0.9783
0.9422
0.8835
0.9261
0.9738
0.9132
0.7378
0.8907
0.9228
0.8847
0.9526
0.7992
0.8687
0.8138
0.8428
0.8588
0.8905
0.6927
0.9143
0.9247
0.6750
0.9181
0.5365
0.7153
0.7260
0.6665
0.8488
0.9892
0.9028
0.6596
0.7283
0.9373
0.8520
0.9506
0.9292
0.3777
0.7339
0.8449
0.8181
0.8565
0.6701
0.7512
0.8112
0.6777
0.8276
0.6812
1.0000
0.7112
0.5298
0.4813
0.6436
0.6346
0.9270
0.7893
0.8838
0.8239
0.8375
0.6963
0.8387
0.6258
0.8059
0.6502
0.6320
0.8196
0.8011
0.8578
0.6447
0.7481
0.8633
0.8279
0.8133
0.8031
0.8282
0.9019
0.8343
0.4245
0.6857
0.7287
0.3994
0.7110
0.7386
0.6077
0.6938
0.5896
0.5175
0.5262
0.9474
0.9021
0.8712
0.6069
0.4956
0.6566
0.8966
0.6785
0.8849
0.8283
0.7199
0.7050
0.7688
0.6071
0.6944
0.7413
0.6993
0.9729
0.8200
0.7285
0.9093
0.9612
0.9113
0.7865
0.7431
0.8365
0.8427
0.9376
0.8547
0.8687
0.7257
0.9677
0.6486
0.7991
0.7357
0.7177
0.7718
0.8821
0.8957
0.8984
0.9086
0.6130
0.8370
0.8697
0.5869
0.8027
0.8908
0.6977
0.8712
0.9342
0.7333
0.7753
0.8188
0.9105
0.8983
0.8623
0.8564
0.7833
0.8236
0.8416
0.5564
0.6956
0.9606
0.8909
0.5934
0.6632
0.7687
0.6982
0.5975
0.8943
0.4243
0.7251
0.7056
0.8130
0.8894
0.5647
0.8796
0.4635
0.5775
0.7660
0.6176
0.8113
0.9329
0.9035
0.7843
0.8136
0.6165
0.9600
0.9402
0.7617
0.6984
0.8926
0.9307
0.8997
0.7623
0.9076
0.3274
0.9262
0.5932
0.7179
0.4483
0.8630
0.8831
0.8624
0.9241
0.9040
0.9025
0.9326
0.9301
0.8464
0.8079
0.8652
0.8532
0.9322
0.9934
0.6686
0.7848
0.7091
0.7231
0.9240
0.9150
0.9699
0.9615
0.9775
0.9654
0.9399
0.9441
0.9711
0.9325
0.9432
0.9808
0.9006
0.9714
0.9555
0.9344
0.9467
0.6964
0.9725
1.0000
0.8221
0.9503
0.6501
0.4302
0.6812
0.8931
0.7505
0.8789
0.8965
0.8578
0.9005
0.7711
0.6317
0.7866
0.8409
0.4307
0.8865
0.9066
0.7780
0.8101
0.8757
0.5021
0.7576
0.6295
0.6681
0.8508
0.6912
0.9280
0.8797
0.9355
0.7838
0.8785
0.9251
0.8690
0.5174
0.8971
0.8701
0.8430
0.8649
0.8634
0.8507
0.5659
0.8877
0.9092
0.6224
0.4665
0.8122
0.6196
0.8881
0.8793
0.8856
0.8574
0.8903
0.9308
0.6451
0.3321
0.8247
0.4084
0.7370
0.8944
0.8758
0.9064
0.7500
0.9419
0.8406
0.7751
1.0000
0.5429
0.8556
0.6761
0.9545
0.8117
0.9403
0.9196
0.8967
0.8882
0.9194
0.9491
0.9004
0.9256
0.9697
0.9319
0.9832
0.6008
0.7650
0.9644
0.9629
0.9256
0.9053
0.9355
0.8164
0.8001
0.8911
0.8486
0.9174
0.8837
0.8402
0.7648
0.8033
0.5188
0.9181
0.9279
0.8951
0.9443
0.9052
0.7115
0.7704
0.8060
0.9611
0.7904
0.7297
0.8942
0.8198
0.6762
0.8793
0.9163
0.6354
0.9086
0.8210
0.4696
0.8457
0.3630
0.6435
0.7996
0.8795
0.6463
0.8229
0.9447
0.7143
0.8667
0.4891
0.6194
0.4221
0.8109
0.7751
0.4302
0.5939
0.7340
0.7230
0.4258
0.7951
0.7415
0.6547
0.7457
0.9549
0.9087
0.9343
0.8561
0.8664
0.8877
0.9279
0.9157
0.7681
0.6553
0.8013
0.9425
0.8381
0.9215
0.8617
0.9175
0.6354
0.8970
0.9899
0.8222
0.6621
0.9486
0.7741
0.7409
0.8070
0.9304
0.8709
0.9099
0.9389
0.5985
0.8301
0.8648
0.7599
0.6280
0.8802
0.8609
0.8504
0.8453
0.9348
0.7980
0.7067
0.7534
0.6418
0.8815
0.8911
0.7538
0.8250
0.8840
0.9024
0.8887
0.9021
0.8316
0.8128
0.8221
0.8301
0.7739
1.0000
0.7146
0.8872
0.8288
0.8131
0.9303
0.8385
0.8571
0.8457
0.8747
0.9173
0.8482
0.5701
0.8912
0.7463
0.7387
0.8586
0.9194
0.8753
0.6707
0.7349
0.6513
0.9235
0.8971
0.8700
0.9081
0.8962
0.8555
0.8404
0.9524
0.9503
0.9255
0.9401
0.8673
0.2432
0.6297
0.9020
0.8359
0.3559
0.8225
0.6195
0.7740
0.7442
0.2232
0.8842
0.3425
0.6714
0.7366
0.8297
0.8525
0.9353
0.9362
0.8424
0.0867
0.8792
0.9520
0.6043
0.9247
0.9136
0.9042
0.8814
0.8741
0.9098
0.6958
0.9667
0.9690
0.8957
0.3158
0.7263
0.8196
0.7603
0.7513
0.7528
0.7954
0.8694
0.8470
0.7410
0.6614
0.8072
0.8125
0.8346
0.7684
0.8699
0.8282
0.9181
0.8323
0.7434
0.6893
0.1743
0.2388
0.6192
0.2876
0.6748
0.8203
0.8907
0.6795
0.2566
0.8523
0.6603
0.6169
0.7766
0.5687
0.7995
0.8727
0.8625
0.9162
0.7346
0.7859
0.8538
0.9538
0.7568
0.6143
0.7048
0.8249
0.8819
0.8628
0.7684
0.7569
0.9360
0.7663
0.8993
0.1183
0.7916
0.8454
0.6050
0.8634
0.7499
0.9141
0.6200
0.8880
0.7125
0.7306
0.8760
0.8407
0.2970
0.7916
0.8200
0.7793
0.7705
0.5722
0.6588
0.4749
0.5079
0.4373
0.8614
0.8981
0.9235
0.8614
0.6752
0.8968
0.9046
0.7702
0.8023
0.8705
0.8590
0.7648
0.9207
0.8272
0.8116
0.8795
0.7012
0.8739
0.6561
0.9264
0.7856
0.8611
0.8090
0.8880
0.9246
0.8830
0.7312
0.8791
0.8810
0.8785
0.9061
0.9604
0.8892
0.8998
0.9352
0.9626
0.6593
0.6736
0.9470
0.3372
0.4875
0.4803
0.6554
0.5528
0.7719
0.7225
0.8296
0.4811
0.8870
0.9272
0.6806
0.4944
0.5503
0.9334
0.9203
0.7635
0.9563
0.7502
0.8970
0.8461
0.7293
0.8694
0.1843
0.7865
0.9295
0.0878
0.8904
0.7874
0.7762
0.8828
0.7835
0.8819
0.6186
0.9381
0.9133
0.9275
0.9412
0.8656
0.8891
0.7491
0.7155
0.9433
0.8021
0.9055
0.9017
0.8411
0.6712
0.7718
0.9703
0.6557
0.7346
0.8439
0.3812
0.6316
0.8802
0.6189
0.6775
0.5986
0.8700
0.9113
0.8402
0.7519
0.8621
0.8128
0.6669
0.8541
0.9073
0.7660
0.7933
0.9092
0.5447
0.9130
0.5992
0.5574
0.7116
0.5083
0.8150
0.8549
0.7560
0.6566
0.2883
0.7261
0.8951
0.9413
0.8551
0.9085
0.8294
0.6721
0.7226
0.6809
0.8611
0.8264
0.8416
0.4389
0.6451
0.7222
0.8187
0.8898
0.7926
0.4149
0.7199
0.2389
0.6497
0.7018
0.6178
0.6545
0.6488
0.8397
0.7692
0.7605
0.8474
0.7295
0.6868
0.6483
0.9597
0.9225
0.7446
0.9462
0.7886
0.9392
0.7714
0.8919
0.8844
0.5677
0.9072
0.9511
0.8412
0.8142
0.9392
0.7384
0.7717
0.7321
0.8611
0.9321
0.7728
0.7859
0.8389
0.1770
0.8499
0.9337
0.9264
0.7130
0.8934
0.9058
0.8416
0.9003
0.3243
0.5500
0.8944
0.8650
0.5443
0.9045
0.8749
0.9411
0.8166
0.8084
0.8156
0.8120
0.8301
0.8985
0.6541
0.8700
0.8633
0.8971
0.8475
0.7664
0.5433
0.4969
0.0620
0.6152
0.7008
0.7723
0.4658
0.4004
0.9467
0.6856
0.8576
0.8847
0.8224
0.6109
0.7716
0.7464
0.8155
0.3299
0.9766
0.7678
0.7495
0.8523
0.5477
0.7070
0.9116
0.8109
0.6433
0.8740
0.7140
0.8884
0.7788
0.9435
0.7861
0.8624
0.8491
0.9472
0.9079
0.7511
0.8509
0.3341
0.7379
0.6040
0.5387
0.7736
0.7635
0.7441
0.8460
0.8305
0.8488
0.9974
0.8753
0.8790
0.3144
0.6982
0.8361
0.3556
0.8036
0.8784
0.9091
0.7890
0.6611
0.7897
0.8847
0.8767
0.7572
0.8394
0.6098
0.8644
0.9213
0.8981
0.8880
0.8758
0.7790
0.7405
0.4377
0.7490
0.5877
0.7134
0.9072
0.7320
0.8442
0.9297
0.8541
0.8679
0.8068
0.8000
0.8849
0.3907
0.8819
0.6567
0.7922
0.8907
0.8779
0.8766
0.8882
0.9249
0.5922
0.8873
0.9140
0.7766
0.8439
0.6674
0.8080
0.7678
0.8345
0.9274
0.5884
0.8670
0.6981
0.8623
0.9333
0.7928
0.9032
0.7046
0.9496
0.8060
0.7332
0.9225
0.8120
0.9464
0.8104
0.6564
0.8274
0.8725
0.9098
0.9078
0.3678
0.7352
0.1279
0.1818
0.8243
0.6759
0.8004
0.2811
0.6325
0.9124
0.4715
0.9307
0.6686
0.8443
0.8826
0.7427
0.7843
0.8131
0.9858
0.9050
0.9186
0.7579
0.7961
0.8442
0.9180
0.8288
0.9242
0.6737
0.8857
0.7492
0.9576
0.8793
0.4566
0.8221
0.8370
0.8978
0.6903
0.9084
0.6172
0.8900
0.8812
0.9062
0.8942
0.9113
0.6174
0.7361
0.7266
0.7527
0.8832
0.8629
0.8509
0.9644
0.7965
0.6950
0.7340
0.7784
0.9108
0.5635
0.9387
0.8171
0.9830
0.7563
0.7296
0.8617
0.6367
0.7078
0.9191
0.3158
0.8846
0.9363
0.8399
0.8014
0.7340
0.6626
0.4190
0.8581
0.7489
0.8002
0.3596
0.2926
0.5521
0.7578
0.9817
0.3740
0.5668
0.6023
0.9047
0.8953
0.3042
0.9216
0.8945
-0.0419
0.8853
0.7598
0.8850
0.8054
0.8280
0.8373
0.7802
0.6105
0.5898
0.6992
0.8545
0.7860
0.8246
0.8468
0.6254
0.8911
0.9383
0.6470
0.8884
0.9157
0.7338
0.9265
0.9097
0.9086
0.8180
0.7525
0.8045
0.9232
0.8868
0.9211
0.9358
0.6666
0.8341
0.8932
0.9273
0.8896
0.7271
0.7135
0.7859
0.8723
0.8429
1.0000
0.7191
0.8443
0.5961
0.7128
0.2865
0.6652
0.3779
0.9376
0.3435
0.8988
0.9002
0.7559
0.7764
0.4988
0.9254
0.3073
0.7503
0.7396
0.2164
0.8406
0.8444
0.8279
0.9101
0.8256
0.7873
0.9074
0.6334
0.9180
0.4894
0.8061
0.7855
0.5736
0.9437
0.8935
0.8524
0.7485
0.8639
0.5801
0.6517
0.7187
0.7179
0.6572
-0.0140
0.7821
0.3657
0.1113
0.6658
0.7772
0.6915
0.8310
0.9249
0.8961
0.7249
0.9062
0.8938
0.8509
0.7340
0.7207
0.7290
0.9057
0.8147
0.8640
0.7990
0.9441
0.8779
0.7835
0.7113
0.4741
0.8165
0.5283
0.3598
0.8986
0.6767
0.8985
0.7105
0.5868
0.9194
0.8441
0.4999
0.2925
0.8991
0.9067
0.7403
0.7637
0.9309
0.5729
0.8323
0.4235
0.7865
0.8664
0.8065
0.8873
0.9212
0.9230
0.7060
0.7251
0.7076
0.6401
0.8417
0.2763
0.5723
0.7587
0.8173
0.7483
0.8677
0.8066
0.3116
0.5886
0.4803
0.8706
0.8059
0.7195
0.8538
0.7723
0.6219
0.7667
0.7980
0.7736
0.7871
0.5901
0.8749
0.6349
0.8390
0.4995
0.9005
0.8989
0.8501
0.7253
0.9110
0.8319
0.5852
0.9491
0.5785
0.9885
0.6981
0.7891
0.8123
0.9077
0.8317
0.8750
0.7244
0.8734
0.7194
0.9262
0.6479
0.8011
0.8363
0.7879
0.5419
0.8803
0.8514
0.8383
0.9002
0.9437
0.6477
0.4944
0.7251
0.7893
0.6362
0.8703
0.6373
0.8872
0.7172
0.4983
0.8108
0.8841
0.6572
0.8611
0.7212
0.9195
0.9078
0.7762
0.3441
0.8462
0.5812
0.8105
-0.1251
0.8796
0.7733
0.8514
0.7151
0.8181
0.6990
0.9109
0.7235
0.7267
0.7781
0.8846
0.7678
0.8997
0.8548
0.8733
0.8285
0.6698
0.8953
0.7990
0.8207
0.7792
0.8731
0.7589
0.8470
0.8249
0.9577
0.7917
0.2044
0.9399
0.8182
0.9411
0.9479
0.9646
0.9666
0.9555
0.9106
0.9305
0.9285
0.9184
0.9660
0.9483
0.8165
0.8895
0.9689
0.8349
0.8987
0.9041
0.6093
0.9430
0.6881
0.9251
0.8653
0.8988
0.1484
0.6681
0.5546
0.7490
0.7959
0.8062
0.9250
0.8126
0.6726
0.5041
0.5552
0.8048
0.2159
0.5894
0.8201
0.5651
0.9190
0.8141
0.8926
0.9359
0.8884
0.1468
0.8288
0.8292
0.7704
0.8806
0.7015
0.7356
0.8294
0.9267
0.8784
0.6591
0.6508
0.7346
0.9196
0.8364
0.7811
0.9296
0.8749
0.8832
0.8881
0.2389
0.8259
0.7416
0.7970
0.9168
0.6769
0.7582
0.6765
0.7576
0.8038
0.8594
0.8453
0.8282
0.8429
0.4754
0.8719
0.8386
0.9451
0.7688
0.8357
0.9376
0.8779
0.9118
0.6211
0.6705
0.7184
0.7813
0.2271
0.7794
0.4332
0.8229
0.8855
0.8420
0.6209
0.5555
0.3685
0.7926
0.2489
0.8186
0.7049
0.7775
0.3177
0.5966
0.3499
0.7237
0.2297
0.4673
0.2479
0.0663
0.4876
0.5300
0.1603
0.6095
0.3374
0.7169
0.6131
0.3745
0.3605
0.9369
0.8956
0.6866
0.9038
0.7567
0.8353
0.8405
0.8311
0.5293
0.7244
0.9080
0.8954
0.8626
0.8439
0.8337
0.8940
0.8860
0.8850
0.6656
0.5053
0.4899
0.9110
0.4979
0.9288
0.9559
0.8905
0.8531
0.9018
0.9106
0.7429
0.8363
0.8663
0.3209
0.8738
0.9290
0.9184
0.9443
0.9607
0.9423
0.8431
0.9251
0.6517
0.6847
0.8129
0.2636
0.6233
0.0286
0.5442
0.8573
0.8037
0.5434
0.7564
0.8980
0.8463
0.9039
0.8906
0.7168
0.7340
0.8764
0.2657
-0.0039
0.7481
0.3936
0.7290
0.8393
0.8385
0.8277
0.8645
0.2602
0.5654
0.7730
0.9466
0.7724
0.4069
0.7953
0.8465
0.7839
0.9241
0.7585
0.5519
0.7867
0.8863
0.8648
0.7716
0.8108
0.3833
0.6668
0.9001
0.9240
0.7081
0.9353
0.9019
0.9499
0.8763
0.7753
0.7535
0.9401
0.9259
0.8563
0.9032
0.9078
0.8879
0.8328
0.7970
0.7301
0.7729
0.7287
0.9720
0.6870
0.9875
0.9399
0.4194
0.9320
0.8447
0.7912
0.9103
0.2122
0.8356
0.6927
0.9078
0.9584
0.9583
0.8738
0.8641
0.8418
0.7476
0.9004
0.8641
0.6761
0.9260
0.7959
0.8643
0.7012
0.9072
0.9267
0.9366
0.8220
0.9339
0.6832
0.8681
0.7853
0.7682
0.4506
0.9133
0.9092
0.8697
0.8590
0.9173
0.9430
0.7304
0.7612
0.9264
0.9165
0.6352
0.8884
0.9526
0.9460
0.8732
0.9398
0.8643
0.8777
0.8868
0.9837
0.9141
0.9723
0.4962
0.6747
0.9685
0.6552
0.5290
0.8629
0.5865
0.7511
0.7089
0.4287
0.3826
0.9130
0.7654
0.5784
0.9318
0.7884
0.9339
0.8647
