0.9125
0.8449
0.9664
1.0000
0.6516
0.9409
0.9965
0.8336
0.8554
0.8105
0.7991
0.9838
0.7203
0.8239
0.6481
0.9317
0.9896
0.5233
0.6424
0.6883
0.8598
0.8986
0.4345
0.8324
0.9600
1.0000
0.9176
0.7469
0.6988
0.7902
0.9861
0.5168
0.5832
0.9367
0.8487
0.9284
0.6723
0.9969
0.9196
0.8139
0.9913
0.9065
0.4334
0.8429
0.9468
0.9873
0.8425
0.8014
0.8780
0.9069
0.9711
0.7632
0.9410
0.8468
1.0000
0.9945
0.9099
0.8975
0.9835
0.9943
0.9980
0.9470
0.9152
0.8637
0.8891
0.9475
0.8933
0.8418
0.8372
0.9900
1.0000
0.9813
0.8415
0.9879
0.9725
0.9774
0.9897
0.9678
0.8895
0.8230
0.9200
0.7765
0.6273
0.8836
0.9916
0.8051
0.9105
0.9605
0.9069
0.5252
0.9573
0.8722
0.8238
0.9899
0.8934
0.8447
0.9872
0.8169
0.7068
0.6179
0.5603
0.5302
0.9922
0.9315
0.8155
0.9508
0.8870
0.6615
0.9278
0.6787
0.9697
0.8966
0.9115
0.7315
0.9956
0.9673
0.6861
0.8452
0.9894
0.8628
0.8455
0.9795
0.9636
0.8724
0.9918
0.9523
0.7678
0.8209
0.8744
0.6955
0.4986
0.6415
0.3737
0.7931
0.5783
0.9796
0.9468
0.9404
0.9817
0.9881
0.9700
1.0000
0.7655
0.4376
0.9706
0.5138
0.6315
0.8747
0.8642
0.9940
0.8498
0.8692
0.9907
0.9383
0.9059
0.9892
0.9041
0.9598
0.9210
1.0000
0.8994
0.7652
0.9766
0.7496
0.7755
1.0000
1.0000
0.7459
0.9466
0.8053
0.6928
0.6978
0.9868
0.9136
0.9121
0.1672
0.6530
0.7798
0.8763
0.9727
0.7233
0.9903
0.3997
0.9812
0.9887
0.9964
0.6704
0.7884
0.7988
0.7942
0.9895
0.7056
0.9313
0.8983
0.9271
0.9186
0.9729
0.8205
0.8757
0.9462
0.5481
0.9374
0.9730
0.9413
0.5407
0.9730
0.8316
0.9362
0.9929
0.8791
0.9950
0.8548
0.8545
0.8394
0.9627
0.6693
0.9174
0.9880
0.8815
0.8830
0.8410
0.6685
0.8040
0.9426
0.7829
1.0000
0.9896
0.9556
0.9876
0.8370
0.5012
0.7852
0.9610
0.9840
0.9954
0.9946
0.9409
0.9348
0.9812
0.9035
0.9970
0.9767
0.7508
0.8491
0.9167
0.9670
0.7083
0.8997
0.6468
0.5559
0.9519
0.9743
0.6470
0.9148
0.9173
0.9484
0.9651
0.9161
0.9467
0.8956
0.9904
0.9937
0.9064
0.7243
0.9849
0.9048
0.9582
0.4427
0.9885
0.9437
0.8530
0.8612
0.5373
0.9485
0.9334
0.9371
0.9407
0.7128
0.9468
0.9248
0.9476
0.8786
0.9110
0.5101
0.9448
0.9760
0.9863
0.8883
0.9188
0.6485
0.9413
0.9942
0.5592
0.9763
0.9525
0.8927
0.9708
0.8837
0.3815
0.8883
0.9268
0.9616
0.6182
0.9536
0.9408
0.9800
0.8338
0.8939
0.9776
0.9903
0.4842
0.9966
0.4340
0.9511
0.7995
0.8110
0.8611
0.4797
0.9631
1.0000
0.7656
0.6419
1.0000
0.4986
0.9809
0.9654
0.9368
0.9960
0.8004
0.9855
0.9601
0.9925
0.9638
0.9190
0.8973
0.6685
0.7979
0.9643
0.6669
0.8559
0.8581
0.9301
0.9318
0.9826
0.8316
0.9673
0.9170
0.9882
0.9231
0.9973
0.9489
0.7470
0.8999
0.9206
0.9046
0.9755
0.7891
0.9809
0.9254
0.9651
0.9883
0.8185
0.9789
0.9861
0.7388
0.6943
0.7693
0.7481
0.8472
0.9064
0.9441
0.7363
0.7134
1.0000
0.9139
0.9899
0.9159
0.9197
0.8979
0.9919
0.8650
0.8251
0.6945
0.7607
0.9091
0.8749
0.8852
0.9925
0.9415
0.7252
0.9945
0.7233
0.9690
0.9406
0.9549
0.8770
0.9900
0.9643
0.9184
0.4954
0.8968
0.8702
0.9649
0.8902
0.8147
0.9572
0.5650
0.9484
0.8636
0.9485
0.8182
0.7630
0.6519
0.9165
0.6414
0.9131
0.9933
0.9929
1.0000
0.7755
0.9797
0.8593
0.8731
0.9777
0.6778
0.9113
0.8922
0.9008
0.8598
0.9424
0.9546
1.0000
0.9505
0.9952
0.9949
0.9697
0.6295
0.8964
0.9717
0.7480
0.9522
0.9001
0.9917
0.9206
0.8936
0.9459
0.9731
0.9158
0.7506
0.8248
0.9967
0.9394
0.8946
0.8738
0.8042
0.8255
0.9887
0.8645
0.4234
0.9977
0.9250
0.8145
0.9941
0.9832
0.9943
0.8155
0.9057
0.6376
0.9504
