0.8532
0.9778
0.7875
0.7613
0.8946
0.8927
0.8935
0.9525
0.8565
0.8496
0.8882
0.9343
0.9588
0.9532
0.9605
0.8398
0.7529
0.9421
0.8913
0.8940
0.9050
0.9516
0.8872
0.7063
0.8797
0.8142
0.9132
0.6521
0.8778
0.8282
0.9242
0.8779
0.8747
0.8370
0.8783
0.9033
0.7412
0.9769
0.9057
0.8268
0.8251
0.9165
0.8300
0.6401
0.9112
0.7310
0.6121
0.9509
0.8293
0.8747
0.9472
0.8397
0.8272
0.7095
0.7279
0.8537
0.9238
0.4624
0.8639
0.8399
0.8706
0.5453
0.5910
0.9114
0.6879
0.7316
0.6228
0.7124
0.5964
0.7058
0.8981
0.7029
0.8863
0.8918
0.7655
0.8412
0.8468
0.8564
0.7888
0.5663
0.8064
0.8769
0.9041
0.7749
0.5414
0.8583
0.8782
0.8035
0.8905
0.8246
0.8384
0.7663
0.7834
0.8105
0.8292
0.7230
0.6134
0.6446
0.8858
0.7920
0.8699
0.9022
0.5390
0.2098
0.8604
0.6589
0.4639
0.6815
0.6226
0.7288
0.5370
0.8180
0.8841
0.9374
0.5658
0.5413
0.7509
0.8724
0.7843
0.6426
0.9371
0.6697
0.8741
0.9485
0.8821
0.7771
0.7479
0.7289
0.7964
0.9014
0.8362
0.8853
0.9281
0.9104
0.8844
0.9663
0.8117
0.6543
0.8961
0.7221
0.9406
0.9687
0.9031
0.8704
0.8707
0.9275
0.8502
0.8917
0.8730
0.8750
0.8554
0.8205
0.6833
0.4390
0.9517
0.7794
0.6796
0.9315
0.7765
0.8915
0.9237
0.9486
0.9460
0.9007
0.9526
0.9194
0.8231
0.6339
0.5654
0.8636
0.8328
0.8570
0.9106
0.9024
0.8667
0.8570
0.6771
0.9064
0.7066
0.9386
0.9360
0.8638
0.9091
0.9522
0.8926
0.8977
0.9108
0.9488
0.8489
0.8637
0.9286
0.6732
0.8446
0.9583
0.6884
0.9620
0.7029
0.4999
0.6483
0.9079
0.9352
0.7939
0.9113
0.8474
0.7118
0.7609
0.9535
0.8670
0.9246
0.9534
0.8709
0.8117
0.8924
0.9445
0.9817
0.9683
0.8541
0.7368
0.9088
0.9821
0.8765
0.9748
0.7380
0.7396
0.8434
0.7094
0.8305
0.2766
0.7449
0.7347
0.6126
0.8461
0.7033
0.5012
0.8845
0.5741
0.8553
0.8243
0.6764
0.9781
0.9262
0.8369
0.6879
0.8729
0.7290
0.8161
0.7825
0.7840
0.8629
0.8356
0.8698
0.9352
0.8043
0.7841
0.8984
0.8016
0.8852
0.8425
0.6011
0.8853
0.9215
0.9062
0.8360
0.8876
0.8477
0.8884
0.6189
0.8324
0.9180
0.8245
0.8651
0.8627
0.8946
0.6845
0.8614
0.8617
0.9264
0.7654
0.7606
0.8661
0.8828
0.9388
0.8930
0.7746
0.9319
0.9001
0.8495
0.8962
0.9369
0.8700
0.9067
0.9076
0.8735
0.9201
0.9623
0.9294
0.8969
0.9510
0.9338
0.9028
0.9301
0.9813
0.9607
0.8463
0.8363
0.9353
0.9098
0.8927
0.8789
0.8504
0.8841
0.8139
0.8890
0.8977
0.9478
0.9323
0.9208
0.9047
0.9547
0.8697
0.9358
0.8693
0.9496
0.8932
0.6787
0.9315
0.9418
0.9087
0.9783
0.9415
0.9203
0.9157
0.9593
0.8862
0.8767
0.8907
0.9285
0.8633
0.9537
0.7992
0.8745
0.9123
0.8548
0.8322
0.9205
0.6809
0.8720
0.8426
0.8800
0.8656
0.4864
0.6321
0.8049
0.9789
0.7786
0.9844
0.9314
0.7469
0.8189
0.8520
0.8520
0.8786
0.9482
0.5826
0.8392
0.8746
0.8416
0.8391
0.8119
0.7876
0.8022
0.6582
0.9057
0.6812
1.0000
0.4948
0.7651
0.7615
0.5501
0.8026
0.9251
0.8479
0.8538
0.8898
0.8575
0.8584
0.8945
0.7135
0.8166
0.5176
0.6897
0.7785
0.7954
0.8889
0.8564
0.9081
0.8816
0.8668
0.9128
0.9179
0.8032
0.9186
0.8157
0.6123
0.8648
0.7438
0.6299
0.8080
0.7185
0.6281
0.7210
0.6298
0.8070
0.8000
0.9394
0.9517
0.9012
0.8693
0.7850
0.7503
0.8593
0.7911
0.9380
0.9003
0.7726
0.6005
0.8442
0.6503
0.8299
0.8183
0.6237
0.8863
0.8476
0.7038
0.9412
0.9526
0.9707
0.6607
0.8459
0.9291
0.8214
0.9374
0.9345
0.8538
0.9879
0.3911
0.7077
0.7988
0.8342
0.7365
0.8431
0.9338
0.8806
0.9393
0.9331
0.7978
0.7594
0.9015
0.4894
0.3927
0.9150
0.6385
0.7556
0.8565
0.8763
0.8157
0.7868
0.8356
0.8990
0.9252
0.6484
0.8195
0.8017
0.4923
0.8291
0.7905
0.9606
0.8982
0.5180
0.7909
0.8973
0.7278
0.8946
0.8637
0.4949
0.9060
0.8573
0.6858
0.9128
0.5548
0.6143
0.7876
0.7773
0.8465
0.7522
0.8113
0.7336
0.8923
0.7278
0.8178
0.9459
0.9660
0.9464
0.8284
0.7175
0.8667
0.9329
0.9050
0.8083
0.9251
0.8346
0.9155
0.6706
0.7520
0.8563
0.7841
0.7186
0.9387
0.8399
0.9344
0.9413
0.9269
0.9149
0.9241
0.5841
0.8776
0.9734
0.9366
0.9732
0.5422
0.9055
0.6672
0.8083
0.9359
0.8821
0.9607
0.9501
0.9552
0.9386
0.9508
0.8915
1.0000
0.9254
0.9345
0.8834
0.9127
0.9375
0.8755
0.9092
0.9417
0.9033
0.9725
0.9221
0.8042
0.9082
0.8911
0.9709
0.8293
0.8938
0.4607
0.9487
0.8633
0.8380
0.9037
0.7767
0.7664
0.7929
0.7527
0.7167
0.8687
0.9226
0.7624
0.8059
0.8829
0.8105
0.9140
0.8637
0.6943
0.7968
0.8961
0.9334
0.9237
0.9689
0.8955
0.7968
0.6544
0.8416
0.8817
0.9397
0.9450
0.8184
0.8873
0.8960
0.8471
0.6135
0.8932
0.8229
0.8460
0.4665
1.0000
0.6196
0.8861
0.6750
0.9044
0.7813
0.9031
0.9435
0.8399
0.7569
0.6858
0.9061
0.7105
0.9161
0.9582
0.9244
0.7978
0.8915
0.8406
0.6763
1.0000
0.5429
0.6834
0.8099
0.9617
0.8147
0.9069
0.9380
0.8897
0.9448
0.9306
0.8831
0.8986
0.8571
0.9707
0.9317
0.9800
0.5963
0.8775
0.9630
0.9649
0.9017
0.9271
0.9479
0.7868
0.8787
0.9278
0.8800
0.9104
0.9487
0.8956
0.9493
0.8566
0.7277
0.9243
0.9221
0.9648
0.9443
0.9769
0.7758
0.8053
0.9043
0.6687
0.7015
0.7561
0.8399
0.8290
0.6195
0.9471
0.8087
0.7234
0.8477
0.6230
0.2921
0.8755
0.3625
0.5608
0.6359
0.9063
0.8186
0.9095
0.9287
0.8768
0.8233
0.7027
0.7247
0.6388
0.8843
0.8460
0.9709
0.8115
0.6601
0.6626
0.6105
0.9005
0.8561
0.5869
0.9399
0.9328
0.9395
0.9414
0.8928
0.9082
0.8857
0.9492
0.9022
0.8451
0.8115
0.8785
0.8610
0.9358
0.9353
0.8973
0.8662
0.6801
0.8099
0.5419
0.8623
0.7724
0.8506
0.7654
0.5099
0.7489
0.7899
0.9320
0.8355
0.9202
0.7082
0.8960
0.8469
0.8175
0.7223
0.9120
0.9577
0.9250
0.8817
0.8567
0.8223
0.8990
0.6155
0.7911
0.8743
0.8620
0.7554
0.9445
0.6257
0.9190
0.9113
0.8590
0.8509
0.8949
0.7856
0.8278
0.4426
0.9050
0.8979
0.8742
0.9263
0.4241
0.8461
0.8828
0.8285
0.8704
0.8248
0.9053
0.7035
0.6168
0.8830
0.8686
0.7856
0.2448
0.9384
0.8398
0.9398
0.7762
0.7589
0.8711
0.8971
0.9159
0.8972
0.7332
0.9372
0.8964
0.9278
0.9259
0.9512
0.9608
0.8398
0.7047
0.0375
0.8736
0.9187
0.6381
0.6912
0.1004
0.8187
0.6475
0.2815
0.8177
0.3948
0.6491
0.6681
0.8248
0.8926
0.9140
0.8781
0.8899
0.6237
0.8539
0.9318
0.7823
0.8953
0.6534
0.9073
0.8667
0.9179
0.9306
0.6760
0.8941
0.8278
0.8970
0.8661
0.8371
0.8344
0.7598
0.8973
0.6586
0.5990
0.8976
0.8861
0.8789
0.9157
0.8818
0.9250
0.8597
0.7854
0.8812
0.7741
0.9073
0.7857
0.8034
0.7518
0.4104
0.7993
0.6822
0.5166
0.8421
0.9230
0.6486
0.6185
0.7959
0.8487
0.8973
0.8683
0.8546
0.9030
0.7391
0.8605
0.9289
0.9162
0.8249
0.8248
0.9069
1.0000
0.9373
0.3188
0.4796
0.8314
0.8538
0.8081
0.6280
0.7554
0.9166
0.8235
0.8868
0.8617
0.8400
0.8979
0.5788
0.8566
0.9036
0.8860
0.6816
0.9334
0.6455
0.7659
0.8067
0.8474
0.4942
0.8194
0.8624
0.8662
0.5558
0.5621
0.8485
0.7575
0.6917
0.6760
0.9368
0.5737
0.8526
0.6803
0.5747
0.8263
0.9178
0.8568
0.8465
0.8805
0.8156
0.7327
0.8905
0.8764
0.8062
0.6007
0.7999
0.8802
0.5231
0.8654
0.7190
0.9206
0.8511
0.8249
0.9753
0.9594
0.9009
0.8914
0.8842
0.6760
0.8218
0.9509
0.8903
0.9142
0.9138
0.8746
0.7053
0.8238
0.9470
0.4773
0.6058
0.7678
0.3827
0.4204
0.7937
0.8934
0.9233
0.7864
0.7173
0.9272
0.8364
0.7210
0.5741
0.8307
0.8418
0.7680
0.9563
0.8473
0.9384
0.8006
0.8750
0.9379
0.6583
0.9022
0.9295
0.8543
0.8750
0.7843
0.9069
0.9315
0.7950
0.8897
0.7752
0.8980
0.9212
1.0000
0.9303
0.8314
0.7825
0.8984
0.8816
0.9240
0.6757
0.9562
0.9500
0.8497
0.7205
0.8613
0.9703
0.8170
0.7050
0.9252
0.3342
0.8536
0.8931
0.8525
0.8261
0.7681
0.8979
0.8514
0.8814
0.7661
0.8202
0.8500
0.8536
0.8730
0.9019
0.8369
0.9250
0.9175
0.8017
0.9130
0.4686
0.5414
0.6859
0.7490
0.8934
0.8342
0.6721
0.7646
0.2883
0.8671
0.8870
0.9024
0.7721
0.9463
0.6245
0.6604
0.9029
0.8442
0.7735
0.8572
0.7800
0.3907
0.7845
0.5719
0.7439
0.8828
0.7567
0.8228
0.7995
0.5218
0.4921
0.7448
0.6841
0.5998
0.8054
0.5544
0.8320
0.7596
0.9444
0.8218
0.7078
0.7187
0.7828
0.7479
0.8448
0.9651
0.8198
0.9377
0.7727
0.8763
0.8799
0.7918
0.8871
0.9458
0.8623
0.8586
0.9415
0.8745
0.8393
0.7803
0.8354
0.9601
0.7549
0.7247
0.8521
0.7109
0.8497
0.9318
0.9059
0.8612
0.9392
0.9294
0.8212
0.8246
0.6830
0.7608
0.7650
0.7780
0.8515
0.1876
0.8530
0.8839
0.7449
0.6990
0.7249
0.8120
0.8268
0.8219
0.6275
0.9317
0.8859
0.8971
0.6095
0.7301
0.8373
0.7165
0.7451
0.6220
0.8097
0.7936
0.8831
0.7431
0.9407
0.6984
0.8672
0.8847
0.9443
0.6473
0.8288
0.8571
0.8155
0.6913
0.9236
0.6148
0.8988
0.9183
0.5477
0.3647
0.9353
0.8400
0.7556
0.9107
0.8524
0.8521
0.7304
0.9549
0.8866
0.8432
0.9550
0.9029
0.8438
0.8861
0.8635
0.8211
0.5358
0.7266
0.7027
0.7939
0.2989
0.6160
0.8460
0.8305
0.9381
1.0000
0.8874
0.9162
0.6609
0.6515
0.8010
0.8418
0.8535
0.8837
0.9124
0.8032
0.6881
0.7964
0.9358
0.8066
0.8843
0.6625
0.5214
0.6998
0.9081
0.8708
0.8638
0.9094
0.8205
0.8810
0.5585
0.6855
0.8575
0.4471
0.9179
0.8475
0.8074
0.8453
0.9159
0.8182
0.8501
0.7611
0.8841
0.7029
0.8622
0.7676
0.8310
0.9291
0.6802
0.8963
0.9190
0.8346
0.7546
0.8593
0.9141
0.7508
0.8740
0.9006
0.8193
0.7877
0.8466
0.9286
0.7933
0.8098
0.6377
0.8706
0.8940
0.8742
0.9110
0.7158
0.9452
0.8133
0.7726
0.8653
0.7649
0.9324
0.8558
0.8502
0.8503
0.8349
0.9093
0.9063
0.7251
0.8274
0.4741
0.6878
0.6604
0.7513
0.7531
0.3997
0.6818
0.7530
0.6172
0.9557
0.6362
0.8248
0.8859
0.7229
0.9282
0.8627
0.9858
0.9025
0.8253
0.8572
0.7090
0.8493
0.8681
0.9483
0.9448
0.8148
0.8045
0.8342
0.9547
0.8804
0.4388
0.8221
0.7971
0.9423
0.6903
0.9422
0.9122
0.7100
0.8132
0.8573
0.8308
0.9188
0.7857
0.8688
0.6960
0.8257
0.8786
0.9301
0.8414
0.9587
0.8323
0.6536
0.6601
0.8573
0.8694
0.6131
0.9193
0.8171
0.8218
0.7004
0.5176
0.7684
0.7812
0.6923
0.8643
0.6880
0.8230
0.8731
0.9008
0.8540
0.6892
0.5438
0.8717
0.8865
0.6959
0.7073
0.6998
0.5872
0.6030
0.8329
0.9374
0.7098
0.6475
0.1506
0.0007
0.8742
0.1750
0.7718
0.8672
0.7791
0.7683
0.8522
0.8415
0.7869
0.9018
0.7930
0.8333
0.7430
0.6832
0.7813
0.9373
0.8312
0.8373
0.8468
0.7924
0.8699
0.9798
0.8758
0.8688
0.8395
0.7480
0.9265
0.9275
0.7276
0.8126
0.8476
0.7836
0.9747
0.7836
0.9300
0.8991
0.6564
0.6708
0.8021
0.9429
0.9326
0.8016
0.4258
0.8038
0.8547
0.7051
1.0000
0.9179
0.7609
0.8878
0.5133
0.8461
0.8635
0.8373
0.9796
0.3674
0.9349
0.8750
0.7530
0.8674
0.9483
0.8469
0.7123
0.8042
0.7940
0.8816
0.7532
0.7738
0.8725
0.9387
0.8558
0.7637
0.8674
0.7134
0.9373
0.6288
0.5910
0.7857
0.3790
0.9437
0.9370
0.8509
0.7914
0.8303
0.7471
0.7263
0.8026
0.7632
0.8717
0.8073
0.7396
0.8019
0.4452
0.2644
0.8666
0.7722
0.9220
0.9075
0.9257
0.7899
0.8779
0.8871
0.9022
0.6601
0.8719
0.7208
0.8958
0.8603
0.8725
0.8172
0.9429
0.9333
0.7148
0.8071
0.5785
0.8535
0.5962
0.7817
0.9197
0.7907
0.9249
0.7045
0.6518
0.8789
0.6146
0.5598
0.7075
0.7563
0.7913
0.8970
0.9039
0.9105
0.6249
0.8744
0.7437
0.8802
0.8895
0.7173
0.9139
0.9247
0.9130
0.9086
0.8211
0.7249
0.7636
0.8501
0.5396
0.6641
0.8447
0.7777
0.7602
0.8831
0.8237
0.8561
0.5886
0.7414
0.8887
0.8390
0.6933
0.8451
0.7939
0.6869
0.7476
0.8255
0.8594
0.7622
0.8240
0.8087
0.8798
0.7625
0.8865
0.9260
0.9096
0.8606
0.8334
0.9476
0.8952
0.5777
0.9537
0.4881
0.9245
0.6535
0.8490
0.9570
0.8785
0.8314
0.8529
0.6913
0.9082
0.6914
0.9382
0.8776
0.7955
0.9039
0.7608
0.5669
0.9580
0.8286
0.8721
0.8744
0.8595
0.6827
0.5301
0.8126
0.9270
0.6198
0.8453
0.8253
0.8336
0.8417
0.8172
0.8041
0.6999
0.8359
0.7835
0.8553
0.8416
0.8730
0.8226
0.5311
0.8479
0.5525
0.2992
0.5939
0.8449
0.8848
0.9242
0.8482
0.6197
0.7765
0.9005
0.7892
0.2788
0.8778
0.7920
0.9000
0.8673
0.9059
0.8981
0.8346
0.8627
0.9101
0.5582
0.7392
0.7542
0.7504
0.7589
0.6891
0.7814
0.9176
0.9071
0.8272
0.9399
0.9434
0.9222
0.9231
0.8876
0.9573
0.9757
0.9350
0.9206
0.9469
0.9156
0.9579
0.9483
0.8909
0.8895
0.9121
0.8594
0.9549
0.8689
0.9316
0.9481
0.8000
0.9196
0.9164
0.8561
0.8300
0.7722
0.5837
0.7980
0.7887
0.8676
0.8495
0.7134
0.8313
0.5345
0.9379
0.8556
0.7596
0.7174
0.8070
0.8022
0.9196
0.8024
0.8140
0.8352
0.8439
0.6989
0.7757
0.8585
0.8490
0.8067
0.8607
0.7638
0.8041
0.8152
0.9132
0.8304
0.5982
0.8052
0.9409
0.8927
0.6645
0.9435
0.8113
0.8386
0.9311
0.8102
0.9245
0.8103
0.8372
0.7171
0.7803
0.8033
0.7478
0.7235
0.8760
0.8620
0.8659
0.8866
0.9351
0.8794
0.8963
0.8169
0.9568
0.9316
0.8006
0.8858
0.8073
0.9118
0.6028
0.8748
0.7294
0.7924
0.7740
0.7967
0.5176
0.8935
0.8917
0.8255
0.6563
0.8602
0.8774
0.8102
0.3317
0.4764
0.6040
0.3547
0.5618
0.6319
0.7079
0.7254
0.4597
0.5938
0.4844
0.4480
0.6837
0.5754
0.4879
0.7332
0.6043
0.7758
0.8426
0.5758
0.8569
0.9732
0.8960
0.7422
0.9369
0.6717
0.6800
0.8837
0.7951
0.8711
0.6809
0.9191
0.7890
0.8004
0.8951
0.8129
0.8940
0.7973
0.9051
0.3073
0.6745
0.3428
1.0000
0.8256
0.9657
0.9531
0.9168
0.8733
0.9094
0.9108
0.8691
0.8337
0.8374
0.8509
0.8608
0.9359
0.9009
0.9587
0.9714
0.9706
0.8959
0.9360
0.6056
0.6847
0.8553
0.2662
0.7929
0.5798
0.7271
0.4757
0.7973
0.5667
0.6881
0.9355
0.8659
0.8661
0.9390
0.8905
0.6601
0.9530
0.7788
0.6117
0.6851
0.3793
0.1683
0.9053
0.9131
0.8345
0.8853
0.8889
0.0307
0.8957
0.9193
0.7470
0.4374
0.8516
0.8036
0.8411
0.9138
0.2818
0.4548
0.7562
0.8976
0.9058
0.8111
0.7870
0.6980
0.3541
0.9226
0.8425
0.8723
0.8659
0.8762
0.9335
0.8745
0.9094
0.5486
0.8949
0.8837
0.6955
0.8819
0.8414
0.8517
0.9285
0.8830
0.8358
0.6792
0.3802
0.9647
0.9152
0.9624
0.8991
0.6463
0.9525
0.7947
0.9498
0.9551
0.2112
0.7088
0.6667
0.8603
0.9584
0.9575
0.9324
0.8510
0.8494
0.8137
0.8950
0.7841
0.8774
0.9306
0.7883
0.8979
0.8300
0.9147
0.9267
0.9366
0.7988
0.9339
0.8053
0.8665
0.8063
0.8193
0.7092
0.8759
0.8568
0.8765
0.8706
0.9345
0.8783
0.9197
0.8532
0.9642
0.9397
0.8788
0.8696
0.9152
0.9377
0.8784
0.9282
0.7670
0.8736
0.7657
0.9837
0.8487
0.9386
0.6308
0.9476
0.8837
0.9396
0.7645
0.9319
0.7149
0.6232
0.6192
0.9513
0.8266
0.9362
0.8979
0.7056
0.8661
0.8146
0.9085
0.9649
