0.8532
0.5794
0.7875
0.7625
0.9068
0.9613
0.8935
0.9240
0.8527
0.8824
0.9227
0.9018
0.9588
0.9532
0.9771
0.8122
0.8140
0.9188
0.9098
0.8940
0.9008
0.9516
0.8872
0.8430
0.8797
0.8142
0.9132
0.6521
0.9095
0.8482
0.9656
0.8779
0.8747
0.8370
0.8783
0.9033
0.7412
0.9769
0.9652
0.8268
0.8251
0.9063
0.8300
0.8481
0.9092
0.7549
0.6121
0.9387
0.8293
0.8572
0.9061
0.8397
0.8513
0.8409
0.7279
0.8537
0.9057
0.2918
0.7751
0.8316
0.7467
0.5768
0.5910
0.9346
0.5751
0.7316
0.6641
0.5301
0.8585
0.7922
0.9013
0.6249
0.8788
0.9261
0.7466
0.8454
0.8930
0.8736
0.7888
0.5663
0.7876
0.8769
0.9236
0.7749
0.7365
0.8483
0.9059
0.5023
0.8905
0.7985
0.8228
0.8460
0.7910
0.7850
0.9229
0.8752
0.5511
0.7206
0.8398
0.7920
0.8699
0.9022
0.6033
0.2098
0.8604
0.8776
0.4639
0.6093
0.7525
0.6563
0.8436
0.7929
0.8630
0.9488
0.6074
0.4535
0.7371
0.8842
0.7547
0.7308
0.8567
0.6887
0.8741
0.9485
0.8821
0.7771
0.7479
0.7289
0.7964
0.9014
0.7733
0.9246
0.9281
0.9364
0.9066
0.9648
0.8474
0.6131
0.8762
0.7271
0.9514
0.9687
0.9039
0.9223
0.9397
0.9184
0.8718
0.9044
0.8423
0.8555
0.8554
0.8221
0.6756
0.9198
0.9517
0.7794
0.8824
0.9371
0.7872
0.9283
0.8827
0.9733
0.9545
0.9038
0.9506
0.6523
0.8231
0.6339
0.5784
0.9354
0.8328
0.7780
0.9052
0.7461
0.8667
0.8784
0.6771
0.9395
0.7066
0.9587
0.9360
0.8638
0.9091
0.9516
0.8389
0.8977
0.9108
0.9721
0.8489
0.8637
0.9286
0.6732
0.8495
0.9558
0.9269
0.9489
0.7561
0.6432
0.6704
0.8400
0.8709
0.7939
0.9113
0.8474
0.6838
0.6860
0.9647
0.6633
0.9246
0.9528
0.8709
0.7417
0.8405
0.9278
0.9817
0.9677
0.8541
0.7729
0.9036
0.9821
0.8765
0.9723
0.8323
0.7396
0.6732
0.7094
0.8305
0.5647
0.7881
0.7334
0.6828
0.9615
0.8057
0.4750
0.8845
0.3678
0.8553
0.8085
0.6764
0.9781
0.9262
0.8436
0.6879
0.8079
0.7371
0.8238
0.7899
0.7801
0.8933
0.8356
0.8698
0.9282
0.8531
0.8185
0.8906
0.8637
0.8544
0.8425
0.5953
0.7676
0.9170
0.9055
0.6630
0.8876
0.8557
0.8884
0.6955
0.8695
0.9180
0.8619
0.8705
0.8513
0.8615
0.7073
0.8614
0.7967
0.9306
0.7573
0.6633
0.8642
0.9263
0.9497
0.8852
0.7736
0.9319
0.9001
0.8495
0.8962
0.9369
0.8700
0.9067
0.6778
0.8735
0.9162
0.9494
0.9294
0.8991
0.9510
0.9338
0.9171
0.9301
0.9491
0.9607
0.8749
0.8104
0.9353
0.9803
0.8818
0.8222
0.9408
0.9181
0.8139
0.9701
0.8977
0.9478
0.9459
0.9707
0.9047
0.9083
0.9396
0.9358
0.9075
0.9509
0.8984
0.6941
0.9566
0.9069
0.8998
0.9783
0.9504
0.8871
0.9157
0.9598
0.9369
0.8643
0.9750
0.9214
0.8562
0.9783
0.7992
0.8745
0.7879
0.8548
0.8238
0.9066
0.8052
0.8311
0.8426
0.8800
0.8656
0.4864
0.6321
0.8049
0.9789
0.7860
0.9844
0.9314
0.8315
0.8189
0.8520
0.8520
0.8786
0.9482
0.4866
0.7876
0.8807
0.8416
0.8744
0.8413
0.8304
0.7498
0.9267
0.9057
0.6812
1.0000
0.7112
0.7651
0.6774
0.5314
0.8026
0.9236
0.2883
0.8673
0.8973
0.8291
0.8543
0.8945
0.8720
0.2514
0.6455
0.7939
0.7693
0.7785
0.7089
0.7518
0.9275
0.8009
0.7915
0.9374
0.7831
0.7808
0.9019
0.8157
0.6575
0.8648
0.7438
0.6618
0.8080
0.8225
0.5181
0.7290
0.6298
0.8470
0.8205
0.9381
0.9517
0.9082
0.8598
0.7850
0.7503
0.9408
0.7911
0.9380
0.8519
0.6552
0.5964
0.8270
0.6503
0.8862
0.8481
0.7617
0.9660
0.8476
0.7379
0.9254
0.9526
0.9707
0.8385
0.8606
0.9264
0.8459
0.9113
0.9333
0.8640
0.9879
0.3911
0.5935
0.7988
0.8342
0.7528
0.8743
0.9259
0.9218
0.9340
0.9232
0.7561
0.8283
0.8750
0.4894
0.7396
0.8973
0.6095
0.8795
0.9757
0.7871
0.8415
0.8288
0.8326
0.8781
0.9416
0.8026
0.8937
0.8557
0.5188
0.8308
0.7827
0.9606
0.8034
0.5632
0.8044
0.8973
0.8339
0.9282
0.8848
0.4964
0.9379
0.8573
0.8927
0.8956
0.4859
0.6863
0.7963
0.7773
0.9289
0.7135
0.8113
0.7336
0.8923
0.8634
0.7833
0.8986
0.9430
0.9626
0.8584
0.7195
0.9301
0.8931
0.8879
0.8073
0.8804
0.8496
0.9134
0.6706
0.7520
0.8834
0.7927
0.5667
0.9067
0.8399
0.9414
0.5836
0.9325
0.9174
0.8937
0.5841
0.9089
0.9734
0.8923
0.9732
0.5422
0.9055
0.6672
0.8083
0.9359
0.8380
0.9762
0.9501
0.9552
0.9386
0.9508
0.9001
1.0000
0.9150
0.9719
0.9748
0.9127
0.9444
0.8755
0.9092
0.9537
0.9306
0.9725
0.9787
0.8191
0.9483
0.9029
0.9709
0.8293
0.8938
0.7598
0.8949
0.8490
0.8589
0.9078
0.8519
0.7176
0.7929
0.8209
0.7167
0.6391
0.8398
0.7541
0.8059
0.8875
0.8444
0.8245
0.8637
0.8331
0.8104
0.9010
0.9362
0.9138
0.9595
0.8788
0.8464
0.9239
0.8377
0.7695
0.8490
0.7927
0.8517
0.9277
0.7778
0.8426
0.7008
0.7490
0.9102
0.8516
0.4665
0.9587
0.6196
0.9385
0.9167
0.9410
0.8856
0.8620
0.9204
0.8399
0.6383
0.6960
0.8836
0.7360
0.9180
0.9658
0.9340
0.7966
0.9428
0.8406
0.6763
1.0000
0.5429
0.7518
0.2982
0.9552
0.8697
0.9173
0.9414
0.9143
0.9448
0.9303
0.8619
0.7349
0.8636
0.9348
0.8978
0.9795
0.5963
0.6998
0.9630
0.9691
0.9227
0.9251
0.9239
0.7868
0.8320
0.9285
0.9101
0.9174
0.9232
0.8126
0.9404
0.8424
0.7423
0.9239
0.8670
0.9605
0.9443
0.9769
0.7829
0.8572
0.9043
0.7211
0.7015
0.7561
0.7141
0.7518
0.5634
0.9471
0.8376
0.7113
0.7879
0.7023
0.2921
0.8755
0.3474
0.5608
0.6359
0.8407
0.8186
0.9095
0.9587
0.8768
0.8291
0.7983
0.7417
0.6388
0.8843
0.8143
0.9709
0.8115
0.6601
0.6626
0.6105
0.9005
0.8416
0.6079
0.9399
0.9331
0.9056
0.9414
0.9323
0.9229
0.9543
0.9054
0.7537
0.8504
0.8298
0.8851
0.9112
0.8830
0.9359
0.9161
0.9009
0.6801
0.8099
0.5419
0.8623
0.8152
0.9486
0.7849
0.7593
0.7489
0.7899
0.9320
0.8355
0.9202
0.6073
0.8960
0.8469
0.7609
0.7223
0.9133
0.9577
0.8586
0.9530
0.9612
0.8223
0.8847
0.7199
0.7931
0.8858
0.8637
0.7554
0.9473
0.9478
0.8987
0.9025
0.8518
0.8959
0.8949
0.8031
0.8832
0.4426
0.9050
0.8979
0.9414
0.9263
0.4241
0.9007
0.8822
0.8943
0.8103
0.8326
0.9053
0.7179
0.6168
0.9022
0.9136
0.7856
0.9550
0.8971
0.9042
0.9479
0.7762
0.7589
0.8711
0.8971
0.8738
0.8788
0.9184
0.8856
0.9211
0.9485
0.9239
0.9512
0.9542
0.8398
0.7736
0.7645
0.8736
0.8698
0.8657
0.2333
0.6749
0.8843
0.8485
0.2535
0.8177
0.3948
0.6491
0.7484
0.7944
0.9435
0.8736
0.9195
0.8899
0.5946
0.8193
0.9447
0.8328
0.9164
0.8085
0.9080
0.8939
0.9232
0.9236
0.7504
0.9119
0.8278
0.8808
0.7810
0.7798
0.8707
0.8032
0.8722
0.7125
0.7839
0.9068
0.8647
0.8184
0.9169
0.8990
0.9250
0.8862
0.6955
0.7903
0.8242
0.8811
0.8354
0.8034
0.7831
0.4104
0.7993
0.6822
0.8689
0.8796
0.8694
0.3681
0.7556
0.8721
0.7968
0.8973
0.7171
0.7896
0.8981
0.7622
0.9103
0.9289
0.9162
0.8249
0.8248
0.8697
0.9500
0.9373
0.6552
0.6770
0.8881
0.8270
0.8088
0.5318
0.8307
0.9059
0.7627
0.7509
0.8617
0.8045
0.8744
0.4946
0.8428
0.8874
0.7809
0.6205
0.9334
0.7029
0.8401
0.7948
0.6785
0.6290
0.9133
0.8846
0.8422
0.5558
0.5564
0.8485
0.7575
0.7161
0.6883
0.9368
0.5737
0.8526
0.6803
0.5563
0.8939
0.9193
0.8543
0.8081
0.9051
0.8156
0.9152
0.9350
0.8832
0.8119
0.8755
0.7999
0.8802
0.6892
0.8654
0.7769
0.9088
0.8511
0.9339
0.9076
0.8922
0.8963
0.8476
0.8034
0.5097
0.7491
0.9386
0.8291
0.9142
0.7097
0.9359
0.7053
0.8238
0.9470
0.4773
0.5443
0.7678
0.3827
0.4396
0.8059
0.8934
0.8920
0.7749
0.7173
0.9272
0.8257
0.8296
0.5741
0.8639
0.8767
0.7929
0.9907
0.8633
0.9453
0.8375
0.8171
0.9492
0.7903
0.8726
0.9295
0.8543
0.8941
0.8319
0.8951
0.9297
0.7942
0.8844
0.9261
0.8603
0.9212
1.0000
0.9303
0.9028
0.8064
0.8846
0.8769
0.9303
0.7413
0.9400
0.8724
0.8690
0.7616
0.8830
0.9703
0.7937
0.7287
0.9252
0.6874
0.8536
0.8547
0.8029
0.8261
0.7750
0.8770
0.8709
0.8107
0.8260
0.8290
0.8833
0.8747
0.8621
0.9019
0.8485
0.8979
0.9175
0.8017
0.9130
0.5591
0.6259
0.6818
0.6344
0.7806
0.8342
0.8147
0.8209
0.5185
0.8232
0.7302
0.8955
0.7721
0.9427
0.8131
0.6170
0.8631
0.7495
0.7586
0.7722
0.8146
0.4911
0.4684
0.5625
0.7439
0.8884
0.8807
0.8247
0.7945
0.5218
0.5133
0.7284
0.7262
0.5998
0.7967
0.6716
0.8426
0.7893
0.8429
0.8567
0.6570
0.7187
0.9131
0.9272
0.8488
0.9862
0.8746
0.9068
0.7894
0.8768
0.8754
0.8055
0.8871
0.9210
0.8930
0.8865
0.9464
0.8745
0.8393
0.7803
0.8354
0.9327
0.7580
0.7260
0.8730
0.7109
0.8812
0.9242
0.9059
0.8281
0.9298
0.9161
0.6287
0.8755
0.7363
0.8227
0.7650
0.7685
0.8515
0.1876
0.1870
0.8839
0.7449
0.7509
0.7249
0.8120
0.8268
0.8219
0.6275
0.9317
0.8859
0.8971
0.7585
0.7301
0.8679
0.6629
0.7756
0.6610
0.7630
0.8429
0.8403
0.7298
0.9433
0.8980
0.8375
0.9191
0.8869
0.7437
0.9223
0.8571
0.6539
0.6913
0.8025
0.6148
0.7495
0.9183
0.5477
0.3647
0.9353
0.8618
0.7508
0.9116
0.8615
0.9044
0.7789
0.9613
0.8164
0.9206
0.9534
0.9397
0.8163
0.8861
0.8618
0.8333
0.7195
0.5543
0.5536
0.8441
0.2887
0.6160
0.8460
0.8621
0.9177
1.0000
0.8874
0.9162
0.6609
0.6529
0.7466
0.8725
0.6763
0.8759
0.9026
0.8300
0.7210
0.7940
0.9351
0.7113
0.8894
0.8966
0.7574
0.8864
0.9439
0.9181
0.8730
0.8130
0.8599
0.8100
0.5585
0.6398
0.8575
0.4495
0.9114
0.7400
0.7993
0.9059
0.7758
0.8182
0.8532
0.8204
0.8693
0.7029
0.8342
0.8060
0.7879
0.8830
0.8306
0.9284
0.9227
0.8870
0.6941
0.7597
0.9216
0.9056
0.8275
0.8978
0.8193
0.7709
0.8227
0.9191
0.6805
0.8098
0.6430
0.8623
0.8940
0.8742
0.9110
0.6156
0.9452
0.8561
0.7867
0.8603
0.7827
0.9324
0.9529
0.8502
0.7590
0.9407
0.9093
0.9063
0.2979
0.8316
0.4668
0.7018
0.7241
0.7914
0.7766
0.6587
0.6818
0.8168
0.6976
0.9499
0.7373
0.8248
0.8550
0.7996
0.9371
0.8627
0.9858
0.8223
0.8157
0.5704
0.8540
0.8394
0.8539
0.8183
0.9450
0.7057
0.8890
0.8545
0.9547
0.8804
0.4388
0.8221
0.8260
0.9423
0.6903
0.9422
0.7875
0.9461
0.9086
0.9186
0.8308
0.8795
0.8181
0.8688
0.6960
0.8257
0.9314
0.9388
0.8279
0.9587
0.8323
0.8115
0.6601
0.8573
0.8694
0.7857
0.9240
0.8171
0.8218
0.7004
0.7225
0.7754
0.7812
0.6515
0.9292
0.6958
0.8304
0.7785
0.9329
0.7494
0.6307
0.5438
0.4886
0.8524
0.8247
0.3751
0.6606
0.5793
0.6030
0.7978
0.9374
0.7551
0.6475
0.9232
0.0280
0.8569
0.3278
0.8913
0.8874
0.6782
0.9020
0.7798
0.8415
0.7999
0.9018
0.8738
0.4302
0.7430
0.8126
0.7034
0.9425
0.8616
0.8791
0.8468
0.7905
0.8699
0.9798
0.8758
0.8736
0.8395
0.7480
0.9283
0.9145
0.8287
0.8059
0.8476
0.7932
0.9755
0.9132
0.9262
0.8995
0.6945
0.6708
0.8464
0.9429
0.9403
0.7946
0.7721
0.7315
0.8880
0.7227
1.0000
0.9078
0.7609
0.7735
0.6289
0.7799
0.7154
0.8725
0.9497
0.3674
0.7899
0.8602
0.7307
0.8675
0.9781
0.7922
0.7123
0.8050
0.7147
0.8539
0.8484
0.7894
0.8699
0.9032
0.8947
0.7584
0.9147
0.6266
0.9373
0.6288
0.5910
0.8897
0.4116
0.9437
0.9276
0.8509
0.7914
0.8979
0.8084
0.8266
0.8026
0.5454
0.8862
0.2054
0.7396
0.8282
0.4683
0.1645
0.6698
0.8295
0.7984
0.9248
0.9481
0.8200
0.8692
0.8862
0.9022
0.6601
0.8719
0.7208
0.7618
0.8505
0.8725
0.8330
0.9429
0.9255
0.7042
0.8071
0.6044
0.8520
0.6087
0.8006
0.8635
0.7595
0.9184
0.5569
0.6133
0.8447
0.8256
0.5598
0.7075
0.8984
0.7722
0.9265
0.9440
0.8512
0.6249
0.8945
0.7242
0.8777
0.8558
0.8561
0.9142
0.9256
0.9167
0.9163
0.7577
0.7258
0.7026
0.8298
0.4968
0.6585
0.8881
0.8776
0.7602
0.8869
0.8237
0.8869
0.7831
0.7414
0.8887
0.8970
0.5978
0.8505
0.8402
0.1554
0.7827
0.7742
0.8427
0.7979
0.8240
0.8528
0.3889
0.8775
0.8309
0.9465
0.8865
0.8606
0.8066
0.9263
0.8952
0.5777
0.9535
0.6828
0.9245
0.6535
0.8490
0.9570
0.8913
0.9799
0.9393
0.6913
0.9082
0.6914
0.9322
0.8458
0.8793
0.8986
0.7712
0.5669
0.9604
0.8514
0.8941
0.8744
0.8232
0.6531
0.4515
0.8126
0.9270
0.6198
0.8453
0.8568
0.8336
0.8624
0.8172
0.8088
0.7584
0.8477
0.7627
0.7825
0.8416
0.8952
0.8269
0.5657
0.8517
0.6302
0.8218
0.6863
0.8778
0.8927
0.8659
0.8444
0.7920
0.7023
0.9005
0.8999
0.2046
0.8604
0.4562
0.8957
0.7970
0.8863
0.9077
0.9009
0.8131
0.9500
0.8046
0.5987
0.8083
0.7723
0.7589
0.6764
0.7814
0.8597
0.9389
0.8272
0.9399
0.9155
0.9096
0.9276
0.9481
0.9544
0.9848
0.9350
0.9474
0.9454
0.9482
0.9490
0.9310
0.7969
0.8895
0.5619
0.8712
0.9259
0.9093
0.9316
0.9826
0.7422
0.9243
0.9243
0.8530
0.8994
0.7694
0.5829
0.8156
0.6978
0.9193
0.8659
0.7875
0.8313
0.5161
0.9379
0.7890
0.7596
0.7174
0.7644
0.8022
0.9196
0.8024
0.9221
0.8352
0.8439
0.7024
0.6845
0.8687
0.8272
0.1475
0.8593
0.7559
0.8179
0.8152
0.9400
0.8005
0.6129
0.8052
0.9218
0.8694
0.7371
0.9435
0.8844
0.9210
0.9311
0.8102
0.8722
0.8002
0.8269
0.6841
0.7803
0.8297
0.7205
0.7192
0.7720
0.8960
0.8827
0.8866
0.9122
0.8794
0.8963
0.8285
0.9583
0.9094
0.8125
0.7758
0.8073
0.9118
0.6575
0.8748
0.8088
0.7347
0.6211
0.6936
0.5584
0.8935
0.8917
0.8255
0.6563
0.8602
0.8774
0.8193
0.5267
0.8027
0.6040
0.5040
0.4851
0.6319
0.6660
0.6727
0.4634
0.5938
0.4122
0.4008
0.6675
0.4485
0.4786
0.4570
0.5560
0.7758
0.8212
0.5830
0.8569
0.9732
0.9534
0.8224
0.9187
0.7077
0.8168
0.8952
0.7951
0.8416
0.7392
0.8941
0.7890
0.8292
0.8951
0.8456
0.8940
0.7973
0.9275
0.4138
0.7806
0.4516
1.0000
0.8256
0.9718
0.9593
0.8815
0.8418
0.9094
0.9166
0.8634
0.8337
0.8374
0.8509
0.8608
0.9440
0.9181
0.9587
0.9214
0.9776
0.8959
0.9360
0.6321
0.6847
0.8414
0.2662
0.7929
0.5798
0.7271
0.3671
0.7992
0.5323
0.8926
0.9360
0.8664
0.8751
0.9304
0.8856
0.6601
0.9530
0.7788
0.5553
0.6851
0.3839
0.6132
0.9003
0.9046
0.5434
0.8766
0.8584
0.8667
0.8679
0.9223
0.8429
0.4374
0.8565
0.8644
0.7460
0.8950
0.2818
0.5107
0.7562
0.8672
0.8634
0.8979
0.8325
0.8076
0.3541
0.9226
0.8425
0.9285
0.8659
0.9100
0.9206
0.8825
0.7528
0.9032
0.9092
0.8852
0.6955
0.8528
0.8568
0.8517
0.8967
0.8256
0.8309
0.8106
0.8493
0.9699
0.7912
0.9609
0.7079
0.6643
0.9524
0.7947
0.9498
0.9546
0.6946
0.7088
0.7680
0.8580
0.9584
0.9582
0.7788
0.8510
0.8245
0.8936
0.8950
0.7834
0.7167
0.9220
0.6663
0.9581
0.8300
0.9147
0.9267
0.9366
0.8408
0.9339
0.7946
0.8884
0.8026
0.7834
0.7184
0.9372
0.9060
0.8854
0.8396
0.9600
0.8799
0.8289
0.8527
0.9404
0.9462
0.8954
0.8881
0.9227
0.9377
0.8672
0.9282
0.7670
0.8736
0.7657
0.9842
0.9018
0.9409
0.6308
0.9395
0.8909
0.9566
0.7645
0.9171
0.6618
0.6232
0.6192
0.9513
0.7066
0.9264
0.9004
0.7056
0.9284
0.8136
0.9264
0.9557
