0.9251
0.9962
0.9664
1.0000
0.7583
0.9409
0.9965
0.8183
0.8554
0.8775
0.8459
0.9667
0.9422
0.8592
0.6199
0.9317
0.9896
0.3703
0.6011
0.6883
0.9214
0.7816
0.4345
0.6191
0.9887
0.9907
0.9176
0.7469
0.6988
0.5948
0.9861
0.5168
0.6907
0.9367
0.8487
0.9219
0.6723
0.8961
0.6446
0.6980
0.8678
0.3641
0.4334
0.8773
0.9468
0.9154
0.8640
0.8198
0.8670
0.8994
0.9711
0.9785
0.9205
0.8468
1.0000
0.9945
0.9674
0.8375
0.9835
0.9943
0.9459
0.9470
0.9152
0.7560
0.8891
0.9343
0.8933
0.8552
0.8922
0.9900
1.0000
0.9781
0.8739
0.9879
0.9725
0.9774
0.9897
0.9678
0.8895
0.8174
0.9200
0.9043
0.8165
0.8836
0.9916
0.8051
0.9105
0.9605
0.9069
0.5301
0.9573
0.9209
0.8238
0.9899
0.9929
0.8519
0.9872
0.9657
0.7454
0.6284
0.6440
0.8202
0.9922
0.9315
0.7469
0.9508
0.8396
0.8076
0.9278
0.3650
0.9918
0.8966
0.8818
0.9878
0.9956
0.9673
0.7620
0.8452
0.9894
0.8628
0.9697
0.8148
0.9636
0.8724
0.9918
0.9329
0.8012
0.7759
0.8655
0.9451
0.7518
0.6415
1.0000
0.8400
0.7462
0.9796
0.9468
0.8936
0.9817
0.9881
0.9700
1.0000
0.7655
0.7446
0.9706
0.5138
0.4716
0.8747
0.8208
0.9557
0.9007
0.7997
0.9907
0.9383
0.9059
0.9892
0.8930
0.8752
0.9210
0.7954
0.8994
0.7903
0.9766
0.9981
0.9204
1.0000
1.0000
0.5023
0.8227
0.9277
0.6928
0.6978
0.9868
0.9121
0.9121
0.8495
0.3511
0.8210
0.8554
0.9727
0.7233
0.9626
0.8345
0.9812
0.9887
0.9964
1.0000
0.8782
0.9102
0.6852
0.9895
0.7056
0.9313
0.9514
0.9271
0.8660
0.9729
0.9821
0.8757
0.9462
0.4939
0.9457
0.9730
0.7164
0.9264
0.9433
0.8316
0.9362
0.9929
0.8791
0.9860
0.8548
0.8088
0.8394
0.9192
0.6693
0.9174
0.9880
0.8815
0.8830
0.9219
0.4759
0.9675
0.9903
0.8804
0.9490
0.9896
0.9556
0.9729
0.8370
0.5190
0.7852
0.9580
0.9840
0.9954
0.9946
0.9409
0.9348
0.9812
0.9035
0.9970
0.9767
0.7104
0.8491
0.9247
0.9670
0.7815
0.8063
0.6583
0.5559
0.9519
0.9395
0.6470
0.9148
0.7416
0.8561
0.9544
0.9161
0.9448
0.9082
0.9904
0.9353
0.9297
0.9706
0.9849
0.5092
0.9715
0.6582
0.9885
0.8207
0.8939
0.8612
0.7377
0.8464
0.9334
0.9371
0.9407
0.9256
0.9468
0.8857
0.9476
0.8786
0.9110
0.6346
0.9448
0.9760
0.5802
0.8883
0.7324
1.0000
0.9413
0.9580
0.4418
0.9763
0.8871
0.8927
0.9708
0.9550
0.2968
0.8390
0.8587
0.9616
0.5925
0.8543
0.9096
0.9365
0.8722
0.7875
0.5985
1.0000
0.8232
0.9966
0.6978
0.9511
0.7995
0.8869
0.8611
0.9446
0.7359
0.8898
0.8940
0.6536
1.0000
0.8315
0.9809
0.8214
0.9368
0.9479
0.8004
0.9855
0.8264
0.8386
0.9638
0.9190
0.8973
0.7472
0.7014
0.9643
0.6669
0.7199
0.9166
0.9528
0.9318
0.9826
0.8316
0.8606
0.9170
0.9882
0.9231
0.9973
0.9563
0.9666
0.8999
0.9448
0.9046
0.9755
0.4608
0.9809
0.9254
0.9651
0.9883
0.5699
0.9789
0.9359
0.2782
0.6943
0.7880
0.7481
0.8626
0.9064
0.9577
0.7363
0.7591
1.0000
0.8025
0.8908
0.9159
0.9197
0.8979
0.9919
0.9907
0.8785
0.6254
0.8704
0.9091
0.8749
0.7701
0.8614
0.9415
0.9880
0.9945
0.7679
0.9690
0.9165
0.9549
0.8770
0.9900
0.9320
0.9184
0.7830
0.8545
0.8702
0.9649
0.7852
0.9175
0.9572
0.8374
0.9484
0.7473
0.9608
0.7645
0.7053
0.7456
0.9165
0.9105
0.8494
0.9933
0.9929
1.0000
0.7030
0.9797
0.8292
0.7235
0.9777
0.4973
0.9113
0.8922
0.9008
0.8598
0.9467
0.9094
1.0000
0.4766
0.9027
0.9949
0.9631
0.7888
0.8964
0.9906
0.7295
0.9522
0.9247
0.9917
0.9263
0.9942
0.9437
0.9570
0.9158
0.6752
0.8354
0.9967
0.9724
0.5726
0.8738
0.7188
0.8255
0.9858
0.9256
0.4798
0.9977
0.9250
1.0000
0.9941
0.4838
0.9943
0.8961
0.9057
0.6400
0.8638
