0.8401
0.3347
0.8479
0.7632
0.9081
0.9725
0.8557
0.9201
0.8059
0.8461
0.9440
0.9560
0.9595
0.9732
0.9385
0.8526
0.7798
0.8680
0.8991
0.9177
0.9161
0.9516
0.6800
0.9052
0.8971
0.5278
0.9400
0.7276
0.9109
0.7380
0.8704
0.8596
0.7797
0.3700
0.6880
0.5391
0.7412
0.8247
0.8776
0.8563
0.8193
0.5688
0.8269
0.7725
0.7574
0.9072
0.9013
0.9010
0.8923
0.7772
0.9462
0.8773
0.7968
0.7310
0.6033
0.8663
0.9476
0.7275
0.8233
0.8756
0.8110
0.2861
0.7332
0.8404
0.5705
0.7368
0.6228
0.4924
0.8457
0.6350
0.8931
0.5726
0.9101
0.8265
0.8109
0.7913
0.8458
0.7905
0.6641
0.8214
0.8021
0.6527
0.8842
0.6941
0.6514
0.7876
0.8280
0.8267
0.9135
0.8821
0.8858
0.7973
0.9149
0.5598
0.8147
0.9112
0.7569
0.6198
0.7788
0.7985
0.8718
0.8723
0.6817
0.7632
0.6100
0.7066
0.0710
0.7197
0.9203
0.6272
0.8783
0.8227
0.9029
0.8470
0.4906
0.6043
0.7178
0.8494
0.8106
0.8036
0.7788
0.7565
0.7759
0.8679
0.8640
0.5682
0.7047
0.8937
0.8912
0.7103
0.7745
0.8353
0.7510
0.6763
0.8198
0.9788
0.7131
0.6572
0.8667
0.6560
0.9367
0.9673
0.9237
0.9368
0.9010
0.8876
0.8544
0.7977
0.9176
0.6011
0.6547
0.7605
0.5276
0.9208
0.9356
0.6244
0.6988
0.9308
0.9229
0.8987
0.9130
0.9412
0.9287
0.9440
0.9371
0.8948
0.8592
0.8787
0.5546
0.6830
0.9340
0.8818
0.8376
0.5178
0.7456
0.6040
0.7254
0.8360
0.7566
0.9610
0.9480
0.6846
0.8970
0.8783
0.8271
0.8977
0.6088
0.8538
0.6309
0.8289
0.8648
0.7671
0.8432
0.8980
0.8314
0.9049
0.7934
0.5490
0.7693
0.8064
0.5591
0.8582
0.9400
0.8967
0.7931
0.4159
0.9476
0.9335
0.9138
0.9335
0.8386
0.8029
0.8906
0.9483
0.8927
0.9698
0.9052
0.6800
0.8605
0.9822
0.8983
0.9681
0.8093
0.6252
0.5434
0.5337
0.8173
0.5086
0.6941
0.7092
0.6094
0.6243
0.4765
0.5418
0.7209
0.4543
0.6233
0.7034
0.6649
0.9733
0.9262
0.8365
0.4170
0.8012
0.8855
0.8106
0.8153
0.7642
0.8759
0.8489
0.8698
0.9226
0.8973
0.7790
0.8956
0.8444
0.7485
0.8343
0.6274
0.6403
0.8978
0.9084
0.8532
0.8717
0.8969
0.9185
0.7219
0.8477
0.7756
0.7290
0.7232
0.8290
0.8366
0.6684
0.8034
0.8415
0.8961
0.8690
0.7174
0.8371
0.9534
0.9398
0.8664
0.7746
0.9319
0.8679
0.7740
0.8966
0.7246
0.5345
0.9847
0.7363
0.8799
0.9463
0.9161
0.8914
0.8191
0.8911
0.7013
0.9049
0.9577
0.9491
0.9357
0.9275
0.8414
0.9351
0.8775
0.9287
0.9283
0.8505
0.9092
0.7470
0.9482
0.8813
0.9079
0.9409
0.9600
0.6371
0.9526
0.8508
0.9236
0.9111
0.9225
0.8980
0.8327
0.9760
0.8908
0.9324
0.9783
0.9585
0.8835
0.9157
0.9774
0.9289
0.7164
0.8907
0.9271
0.8650
0.9550
0.7992
0.8745
0.9028
0.8838
0.9034
0.9360
0.7750
0.9367
0.8775
0.6750
0.7914
0.4756
0.6700
0.7491
0.7980
0.9116
0.8797
0.9028
0.8801
0.8189
0.9379
0.6390
1.0000
0.9481
0.9083
0.8321
0.9241
0.8128
0.8148
0.8200
0.7099
0.8059
0.6872
0.8817
1.0000
1.0000
0.5297
0.7179
0.7354
0.4349
0.2513
0.8646
0.7469
0.8672
0.8588
0.8112
0.7287
0.8641
0.8018
0.8279
0.4683
0.3338
0.7868
0.7252
0.7359
0.8061
0.8681
0.7967
0.7038
0.8981
0.6309
0.4591
0.8680
0.8508
0.2499
0.8766
0.6882
0.8383
0.7363
0.8302
0.6883
0.7908
0.3792
0.7274
0.5598
0.9453
0.9121
0.8705
0.5447
0.6029
0.8098
0.8358
0.7933
0.8946
0.8387
0.7998
0.6672
0.8607
0.6324
0.8735
0.7065
0.6677
0.9442
0.8969
0.9396
0.7507
0.9618
0.8825
0.8598
0.7640
0.8905
0.8331
0.9606
0.8888
0.8254
0.6860
0.9677
0.5806
0.7010
0.7238
0.5502
0.8191
0.9432
0.9174
0.8685
0.7849
-0.0312
0.8848
0.9043
0.9065
0.8216
0.9324
0.5775
0.6460
0.1922
0.6830
0.8013
0.8167
0.9331
0.9422
0.9352
0.6971
0.8510
0.6939
0.6913
0.7191
0.7710
0.9606
0.5732
0.5769
0.8580
0.9092
0.7243
0.9454
0.8364
0.6202
0.8322
0.8211
0.8970
0.9167
0.6648
0.8250
0.8161
0.7825
0.7687
0.5745
0.8113
0.9007
0.8810
0.7490
0.7051
0.7204
0.9546
0.9247
0.8375
0.6820
0.8798
0.8920
0.9185
0.8175
0.9416
0.9320
0.9051
0.8432
0.8120
0.7944
0.7344
0.6642
0.8650
0.9026
0.9732
0.8580
0.9002
0.8120
0.9058
0.8107
0.9497
0.7485
0.9335
0.9934
0.8025
0.8544
0.7555
0.7152
0.9359
0.9220
0.9602
0.9800
0.9471
0.9848
0.9644
0.8909
1.0000
0.9446
0.9540
0.9708
0.9327
0.9822
0.8686
0.8054
0.9417
0.9564
0.9725
0.9037
0.8795
0.9561
0.8563
0.7860
0.5531
0.8970
0.7147
0.7720
0.9486
0.8677
0.8836
0.6280
0.8207
0.3195
0.7355
0.6150
0.4795
0.7905
0.7543
0.8428
0.9218
0.7083
0.8431
0.7869
0.8331
0.7956
0.7100
0.9075
0.8214
0.9635
0.8773
0.8764
0.8941
0.8548
0.6546
0.8689
0.8660
0.8369
0.8957
0.8859
0.8597
0.5407
0.8893
0.8221
0.7273
0.4665
0.6999
0.7710
0.9112
0.9507
0.9339
0.8172
0.9592
0.8835
0.9076
0.7381
0.8952
0.7943
0.6915
0.9123
0.9551
0.8975
0.8350
0.9574
0.8406
0.8643
1.0000
0.7577
0.6061
0.6839
0.9474
0.7999
0.8958
0.9367
0.9137
0.8660
0.9192
0.8702
0.8727
0.8847
0.9668
0.8454
0.9662
0.8801
0.7822
0.8442
0.9467
0.8382
0.9440
0.9488
0.6356
0.8941
0.8260
0.8973
0.8814
0.9073
0.9201
0.9323
0.8267
0.9375
0.9063
0.8526
0.9127
0.9443
0.9173
0.7075
0.8408
0.8636
0.6687
0.7015
0.7686
0.8769
0.8131
0.6233
0.8826
0.9247
0.7283
0.8495
0.7917
0.6063
0.9067
0.4244
0.6720
0.8721
0.8813
0.9049
0.9272
0.9383
0.7346
0.8996
0.6591
0.5940
0.7108
0.7750
0.7972
0.7860
0.8115
0.8823
0.6485
0.4258
0.7550
0.5754
0.6877
0.6912
0.9549
0.9593
0.9599
0.9060
0.9029
0.9066
0.9389
0.8975
0.7676
0.8168
0.8041
0.8764
0.9022
0.8371
0.9131
0.8287
0.4803
0.4186
0.9899
0.6755
0.7776
0.9438
0.8388
0.2281
0.7574
0.7680
0.8655
0.8190
0.9439
0.6643
0.8588
0.8034
0.7594
0.7492
0.8106
0.8403
0.9172
0.8714
0.8058
0.7984
0.8028
0.8027
0.7772
0.9139
0.9278
0.7064
0.9564
0.6683
0.9017
0.9092
0.9043
0.8213
0.8221
0.8020
0.9442
0.8594
0.9207
0.8879
0.8672
0.8782
0.6021
0.9107
0.7762
0.9175
0.7669
0.8811
0.7803
0.6938
0.5918
0.8845
0.9136
0.8414
0.9250
0.9513
0.7245
0.8662
0.7553
0.7936
0.8992
0.9040
0.9251
0.9244
0.9384
0.9090
0.7177
0.9539
0.9141
0.9441
0.9123
0.8329
0.5226
0.5596
0.8639
0.8442
0.1489
0.8842
0.8044
0.8063
0.7811
0.7597
0.5390
0.6145
0.6665
0.6945
0.4358
0.8456
0.9325
0.9564
0.8557
0.7949
0.9001
0.8689
0.8508
0.9128
0.9290
0.9066
0.9154
0.8988
0.8796
0.6153
0.8920
0.8278
0.8529
0.8127
0.8782
0.8189
0.5979
0.7740
0.7896
0.6743
0.9146
0.8961
0.8500
0.7784
0.9144
0.8897
0.8843
0.8775
0.7913
0.7494
0.9562
0.8424
0.8264
0.7590
0.4548
0.8624
0.6590
0.7160
0.9407
0.7877
0.8751
0.5906
0.9073
0.6562
0.8059
0.6582
0.8467
0.8811
0.8423
0.8832
0.8815
0.7955
0.8004
0.7883
0.8538
0.9538
0.8774
0.7881
0.6140
0.8444
0.8384
0.8472
0.7214
0.4162
0.8966
0.8746
0.5732
0.6746
0.8408
0.8501
0.6833
0.8133
0.5033
0.5500
0.7212
0.8880
0.8412
0.6836
0.8313
0.8520
0.6256
0.7696
0.8200
0.9039
0.5802
0.8079
0.8242
0.7377
0.5529
0.7159
0.6328
0.8673
0.8824
0.8276
0.6578
0.8636
0.9188
0.8140
0.8157
0.8781
0.8599
0.9143
0.9050
0.9416
0.8139
0.8795
0.7728
0.9660
0.6944
0.9043
0.9277
0.8926
0.8826
0.9163
0.9246
0.8813
0.8332
0.7913
0.8712
0.6341
0.8958
0.9101
0.8277
0.9053
0.8039
0.9573
0.6840
0.5372
0.9470
0.4636
0.2563
0.3734
0.5975
0.2182
0.5446
0.8888
0.7957
0.5465
0.8406
0.9272
0.7812
0.4694
0.6419
0.8217
0.7674
0.8015
0.9563
0.7907
0.8984
0.8040
0.7293
0.9341
0.7444
0.7685
0.9295
0.7627
0.9367
0.8134
0.7004
0.9286
0.7524
0.8680
0.8751
0.8459
0.9492
1.0000
0.9098
0.8216
0.7751
0.8151
0.8905
0.8976
0.6322
0.9314
0.9367
0.8718
0.8366
0.7441
0.9703
0.7003
0.5499
0.8692
0.5596
0.7369
0.8545
0.7805
0.7714
0.8387
0.9015
0.8825
0.8577
0.8053
0.6967
0.7916
0.9005
0.7347
0.9230
0.5355
0.8639
0.9037
0.4112
0.9130
0.2953
0.4753
0.7167
0.6475
0.8150
0.7153
0.6642
0.7301
0.5968
0.4786
0.8279
0.9207
0.7292
0.9002
0.8107
0.7558
0.8703
0.7265
0.8550
0.8339
0.8390
0.4846
0.7701
0.5956
0.7293
0.7440
0.8038
0.6975
0.6840
0.6446
0.4837
0.6660
0.5935
0.8110
0.7800
0.8288
0.8090
0.7658
0.7921
0.8418
0.7506
0.8768
0.9130
0.8288
0.8779
0.9888
0.9283
0.8790
0.6835
0.8724
0.7798
0.7258
0.7864
0.8752
0.8424
0.8905
0.9129
0.6094
0.6871
0.7961
0.6982
0.9229
0.4148
0.8106
0.9269
0.6214
0.9087
0.9447
0.9000
0.8476
0.9151
0.8824
0.7863
0.9249
0.7167
0.7125
0.8936
0.7364
0.8846
0.8826
0.8671
0.9411
0.7102
0.9799
0.7403
0.9116
0.4793
0.7307
0.6998
0.8665
0.7600
0.8971
0.8078
0.7225
0.8559
0.7676
0.6911
0.6523
0.5870
0.8282
0.8985
0.7703
0.9436
0.8695
0.7970
0.9191
0.8919
0.7493
0.8188
0.7464
0.9073
0.4677
0.8807
0.6693
0.8478
0.9907
0.4555
0.7357
0.9353
0.7412
0.7810
0.8783
0.8879
0.8576
0.9193
0.8812
0.8735
0.8495
0.9510
0.9060
0.8753
0.9629
0.7102
0.8509
0.7125
0.6734
0.7394
0.7684
0.5853
0.7335
0.9183
0.8190
0.7031
1.0000
0.7630
0.7808
0.6955
0.7949
0.8235
0.7372
0.8305
0.7802
0.9310
0.8128
0.8754
0.4049
0.9335
0.7510
0.8530
0.8991
0.6675
0.8176
0.9028
0.8955
0.9050
0.7055
0.5931
0.8865
0.6839
0.8012
0.6519
0.8234
0.7692
0.7837
0.9166
0.9422
0.7449
0.8772
0.7530
0.7867
0.9070
0.7512
0.8909
0.6669
0.8664
0.8650
0.8449
0.9110
0.8353
0.9128
0.8005
0.8563
0.9143
0.7060
0.8153
0.8662
0.8888
0.8127
0.8025
0.8788
0.7340
0.6214
0.8975
0.5854
0.9300
0.7165
0.8676
0.7855
0.9255
0.8499
0.9020
0.8742
0.8097
0.9158
0.8044
0.9490
0.8007
0.9442
0.9182
0.9119
0.3631
0.7894
0.6183
0.6208
0.6353
0.7729
0.8230
0.6350
0.6652
0.7988
0.7915
0.9378
0.6044
0.8002
0.8898
0.8010
0.9105
0.8372
0.9694
0.9375
0.9387
0.8580
0.6124
0.8028
0.8608
0.8872
0.9130
0.8262
0.8804
0.7770
0.9376
0.8298
0.4388
0.8309
0.5226
0.9423
0.8539
0.9481
0.6376
0.9227
0.8647
0.8790
0.8643
0.8692
0.7744
0.8518
0.7170
0.6941
0.8182
0.7893
0.8712
0.9111
0.8383
0.6284
0.8823
0.3647
0.8694
0.6374
0.9035
0.9894
0.9830
0.6545
0.6738
0.8007
0.6055
0.7133
0.8937
0.8293
0.2048
0.6989
0.8475
0.4199
0.5288
0.5285
0.6537
0.8975
0.7184
0.6902
0.6290
0.6845
0.7043
0.8121
0.9026
0.4847
0.6365
0.5515
0.9235
0.3052
0.5840
0.8201
0.8798
0.8604
0.7295
0.6016
0.8308
0.7269
0.7710
0.6677
0.4512
0.2213
0.6453
0.8549
0.9192
0.7749
0.7186
0.8008
0.6185
0.9188
0.9533
0.8336
0.8894
0.8654
0.9130
0.9265
0.8957
0.8753
0.7778
0.8472
0.7751
0.9434
0.7676
0.9148
0.8535
0.8807
0.8576
0.7785
0.9302
0.9006
0.6407
0.7038
0.3038
0.7869
0.8512
0.9847
0.9078
0.5990
0.6496
0.4379
0.7643
0.7411
0.5740
0.8188
0.4831
0.8996
0.8850
0.7744
0.8511
0.9070
0.5598
0.5766
0.8453
0.6561
0.8222
0.8434
0.7602
0.8633
0.8794
0.8831
0.7918
0.8366
0.6334
0.9180
0.4894
0.6520
0.7347
0.3922
0.9437
0.8948
0.8503
0.7818
0.7160
0.7248
0.8116
0.7536
0.5579
0.8208
0.5995
0.1255
0.8235
0.8542
0.6913
0.4025
0.7744
0.8683
0.9174
0.7948
0.8362
0.9186
0.8368
0.9124
0.8823
0.8306
0.6840
0.9057
0.7523
0.8714
0.8477
0.8679
0.9341
0.7078
0.8208
0.4174
0.7876
0.6025
0.7724
0.8843
0.8123
0.8352
0.4027
0.6316
0.7511
0.7524
0.6070
0.5494
0.8764
0.8850
0.8147
0.8557
0.8403
0.7160
0.8293
0.8390
0.7736
0.5287
0.8714
0.8713
0.8812
0.9373
0.7908
0.6166
0.7028
0.7055
0.7415
0.5550
0.5875
0.8650
0.7367
0.6896
0.8794
0.8237
0.7446
0.7397
0.8187
0.7675
0.8636
0.3421
0.8864
0.7535
0.6511
0.6505
0.7592
0.7141
0.8054
0.8256
0.8526
0.9122
0.8692
0.9390
0.8737
0.8818
0.8733
0.8150
0.9778
0.9592
0.8925
0.8911
0.7022
0.9540
0.4836
0.7806
0.8410
0.8633
0.8317
0.8908
0.7244
0.8734
0.8376
0.8808
0.8347
0.8454
0.6438
0.7833
0.2814
0.9263
0.8567
0.8590
0.8506
0.8232
0.6063
0.7640
0.7746
0.9460
0.7254
0.8703
0.5956
0.6942
0.7976
0.7538
0.8555
0.8855
0.8479
0.8124
0.8383
0.7628
0.8855
0.7603
0.6324
0.8276
0.7410
0.6213
0.6490
0.8427
0.9064
0.6932
0.6372
0.8248
0.7520
0.9204
0.7726
0.6789
0.9258
0.9211
0.8879
0.9341
0.7700
0.8652
0.8909
0.9244
0.8972
0.7178
0.8460
0.8834
0.7390
0.7460
0.8576
0.6889
0.3800
0.7912
0.5713
0.9444
0.8304
0.9269
0.8847
0.8657
0.9588
0.9579
0.9314
0.8947
0.9182
0.9168
0.9596
0.9310
0.8700
0.8895
0.6595
0.8642
0.9281
0.8589
0.7563
0.9682
0.7682
0.9441
0.9229
0.6851
0.6132
0.7767
0.4533
0.8791
0.8016
0.8420
0.8262
0.7181
0.8315
0.6458
0.9457
0.6678
0.6861
0.7250
0.7745
0.8307
0.8878
0.7460
0.8554
0.9446
0.6321
0.4555
0.7059
0.7876
0.7826
0.5842
0.6852
0.7841
0.8725
0.7949
0.9489
0.9231
0.6780
0.6894
0.6595
0.9148
0.8068
0.9043
0.8262
0.9023
0.9292
0.8052
0.8846
0.8115
0.7298
0.7921
0.6889
0.8261
0.7133
0.7482
0.8841
0.8747
0.9263
0.9521
0.8870
0.8976
0.8963
0.8845
0.9396
0.9388
0.8712
0.8976
0.8493
0.9118
0.6705
0.8881
0.7046
0.8264
0.8841
0.7126
0.7929
0.8658
0.7205
0.9016
0.8297
0.8520
0.8171
0.6357
0.7038
0.8755
0.5440
0.5667
0.4209
0.4848
0.6098
0.7334
0.3093
0.2503
0.2643
0.6055
0.4573
0.3402
0.1118
0.3753
0.1835
0.7548
0.8986
0.7917
0.7616
0.9369
0.9624
0.7785
0.8921
0.8487
0.8484
0.7813
0.8311
0.6763
0.7755
0.9042
0.8281
0.8453
0.8912
0.9117
0.8454
0.7354
0.8736
0.6131
0.7474
0.5136
0.8035
0.8382
0.9526
0.9600
0.9234
0.8151
0.8223
0.9271
0.8908
0.8819
0.9026
0.8634
0.8815
0.9059
0.9394
0.9489
0.9677
0.8977
0.8047
0.5165
0.9165
0.5867
0.7752
0.2662
0.7456
0.7086
0.7136
0.8511
0.7930
0.9043
0.8634
0.8797
0.7193
0.9185
0.8977
0.8067
0.8823
0.9597
0.5655
0.9000
0.9153
0.6432
0.7203
0.8841
0.8077
0.0185
0.8739
0.7896
0.7783
0.8137
0.9004
0.6961
0.5330
0.8498
0.7303
0.5733
0.9208
0.1691
0.6655
0.8110
0.8024
0.7822
0.8368
0.5893
0.6321
0.6273
0.8924
0.8876
0.7730
0.9134
0.9399
0.9314
0.8178
0.8006
0.8454
0.9417
0.9355
0.8665
0.7443
0.8914
0.8607
0.8784
0.8078
0.8262
0.8720
0.8754
0.9783
0.8933
0.9435
0.7079
0.6338
0.9568
0.7613
0.9596
0.9170
0.1770
0.8890
0.6670
0.7897
0.9159
0.9472
0.8311
0.8537
0.8805
0.8377
0.9032
0.8288
0.7390
0.9224
0.5445
0.9232
0.7941
0.8944
0.9267
0.9366
0.8276
0.9339
0.8628
0.9145
0.7896
0.8833
0.6725
0.8764
0.7325
0.8846
0.7616
0.9146
0.9526
0.7339
0.8827
0.9361
0.9037
0.8738
0.9024
0.9103
0.9138
0.9154
0.9243
0.8646
0.8768
0.8454
0.9557
0.8293
0.8945
0.7946
0.7870
0.7971
0.7672
0.7623
0.8848
0.4395
0.8114
0.5501
0.9484
0.8591
0.9265
0.8796
0.7324
0.9153
0.8894
0.9391
0.9653
