0.8401
0.8460
0.8725
0.8519
0.8590
0.9702
0.8626
0.9124
0.7619
0.7872
0.9589
0.9086
0.8661
0.9184
0.9389
0.8443
0.8527
0.7529
0.9454
0.7687
0.9198
0.9516
0.6264
0.9120
0.8971
0.7709
0.9353
0.7033
0.9534
0.8926
0.8486
0.8348
0.7320
0.9333
0.8344
0.5391
0.7709
0.8247
0.8550
0.8563
0.8866
0.5523
0.7213
0.7494
0.7956
0.9072
0.9635
0.9200
0.8923
0.8111
0.9463
0.7367
0.8746
0.7211
0.8186
0.7691
0.9197
0.8706
0.5693
0.9034
0.8070
0.4752
0.7481
0.9289
0.6884
0.8532
0.6228
0.6299
0.7801
0.7990
0.9004
0.6103
0.8255
0.9486
0.7746
0.7399
0.8214
0.8467
0.6641
0.5485
0.9027
0.5250
0.8832
0.6941
0.5933
0.7654
0.8555
0.7331
0.9108
0.8359
0.8822
0.7986
0.7408
0.8243
0.9387
0.8986
0.5139
0.7544
0.7788
0.7920
0.8699
0.7856
0.7240
0.8391
0.9669
0.8612
0.4651
0.8302
0.8588
0.8331
0.6759
0.7231
0.8720
0.8478
0.4906
0.5319
0.8101
0.8269
0.7925
0.6933
0.8002
0.8709
0.7857
0.9035
0.9043
0.5861
0.7047
0.9354
0.8646
0.6558
0.9060
0.5552
0.7241
0.8731
0.8837
0.9770
0.8658
0.7360
0.8331
0.5066
0.9452
0.8897
0.9354
0.9503
0.9140
0.8990
0.8559
0.7753
0.9268
0.6435
0.6547
0.8184
0.7942
0.9481
0.8951
0.7794
0.6781
0.9368
0.8415
0.8811
0.9533
0.9753
0.9314
0.9424
0.9350
0.8886
0.8592
0.8642
0.6959
0.7573
0.9194
0.8498
0.8708
0.9135
0.6555
0.8184
0.6661
0.8087
0.6553
0.9610
0.9118
0.6846
0.9451
0.9279
0.8322
0.8977
0.9116
0.9309
0.7453
0.7581
0.8759
0.8118
0.7752
0.8736
0.8336
0.9620
0.7637
0.7020
0.7930
0.9181
0.5591
0.7834
0.9400
0.7992
0.7611
0.6844
0.9582
0.9166
0.9240
0.9496
0.8578
0.8231
0.7495
0.9128
0.9215
0.9627
0.9220
0.6694
0.9048
0.9822
0.8466
0.9702
0.8093
0.6540
0.4978
0.5330
0.8755
0.4335
0.6443
0.7179
0.5974
0.7770
0.5930
0.3023
0.8758
0.3382
0.5434
0.7958
0.6524
0.9781
0.9262
0.8386
0.6411
0.8089
0.6376
0.7686
0.8022
0.8316
0.9180
0.8575
0.9007
0.9466
0.8801
0.7121
0.8241
0.7872
0.6210
0.8413
0.5898
0.7406
0.8948
0.8858
0.8097
0.8624
0.8688
0.9287
0.9029
0.7913
0.9505
0.7456
0.7631
0.6361
0.8722
0.6696
0.8034
0.7112
0.9194
0.8641
0.5991
0.8656
0.8656
0.9486
0.9032
0.7746
0.9319
0.9083
0.7740
0.8328
0.7246
0.8667
0.9847
0.7378
0.9755
0.9343
0.8711
0.8914
0.8961
0.8938
0.9626
0.7336
0.9419
0.9491
0.9650
0.9382
0.8104
0.9196
0.8158
0.8995
0.8954
0.7476
0.9024
0.8091
0.9440
0.8813
0.8771
0.9789
0.9447
0.9142
0.9494
0.8508
0.9327
0.8408
0.9016
0.8980
0.6521
0.9566
0.9150
0.9396
0.9783
0.9461
0.9180
0.9157
0.9652
0.9213
0.6979
0.8907
0.9177
0.7774
0.9460
0.7992
0.8801
0.9041
0.8838
0.8888
0.9219
0.7821
0.9203
0.8775
0.6750
0.9019
0.5877
0.8290
0.7177
0.7908
0.9116
0.8797
0.9028
0.8801
0.8638
0.9379
0.5538
1.0000
0.9481
0.4803
0.8337
0.9104
0.7795
0.6078
0.7880
0.7696
0.7243
0.8127
0.8926
1.0000
1.0000
0.5028
0.7239
0.7248
0.6064
0.6779
0.9511
0.6010
0.8776
0.8252
0.8252
0.8249
0.8641
0.8018
0.8292
0.6553
0.3338
0.8149
0.6536
0.7431
0.7750
0.8048
0.6233
0.7207
0.8240
0.7105
0.7238
0.9109
0.8508
0.4017
0.7168
0.7324
0.8705
0.7363
0.8302
0.7002
0.7685
0.7046
0.7881
0.7419
0.9505
0.8916
0.8649
0.5447
0.5933
0.8504
0.8566
0.4950
0.8644
0.8158
0.8781
0.7250
0.7910
0.7958
0.8735
0.8081
0.6956
0.9230
0.9003
0.9445
0.7609
0.9618
0.9668
0.8916
0.7228
0.9264
0.8787
0.9606
0.9333
0.9006
0.9304
0.9677
0.6122
0.7939
0.7948
0.1814
0.7344
0.8043
0.9274
0.8755
0.8745
0.7044
0.8702
0.8021
0.9486
0.5314
0.9301
0.6867
0.8733
0.8368
0.8982
0.8256
0.8017
0.7654
0.8993
0.8815
0.8141
0.8183
0.8850
0.8328
0.8957
0.7789
0.9606
0.7216
0.7570
0.8541
0.7928
0.6588
0.9239
0.8221
0.4097
0.8823
0.6661
0.8861
0.9314
0.2961
0.8298
0.7689
0.7578
0.7788
0.5999
0.8113
0.8931
0.8630
0.8791
0.8587
0.9407
0.9524
0.9617
0.8441
0.7143
0.8781
0.8924
0.8805
0.8800
0.9375
0.8210
0.8975
0.8432
0.8120
0.8777
0.7914
0.8096
0.9094
0.9012
0.9414
0.7472
0.9331
0.8508
0.8631
0.8612
0.9015
0.9106
0.9354
0.9934
0.8025
0.8157
0.7331
0.7294
0.9359
0.8681
0.9699
0.9878
0.9618
0.9848
0.9644
0.8940
1.0000
0.9144
0.9038
0.9774
0.8948
0.9757
0.8528
0.9152
0.9166
0.9598
0.9895
0.9037
0.9591
0.9686
0.8916
0.7860
0.5708
0.8970
0.7147
0.8657
0.8439
0.8270
0.8725
0.5350
0.7897
0.8150
0.7355
0.9180
0.6391
0.7905
0.6809
0.7865
0.9201
0.8267
0.8871
0.7850
0.8331
0.8062
0.8416
0.9452
0.8989
0.9355
0.9361
0.8064
0.8842
0.8889
0.8584
0.8431
0.8236
0.8007
0.9272
0.7764
0.8649
0.6005
0.9125
0.9082
0.5913
0.4665
0.8288
0.6404
0.9524
0.9204
0.8717
0.8227
0.9649
0.8910
0.8405
0.7381
0.8534
0.9157
0.7416
0.8846
0.9527
0.9201
0.6816
0.8967
0.8406
0.8998
0.8559
0.7928
0.7325
0.4065
0.9675
0.7859
0.8983
0.9343
0.9540
0.9542
0.9323
0.6137
0.8766
0.8312
0.9623
0.9400
0.9761
0.9280
0.7651
0.6022
0.9690
0.8982
0.8732
0.9194
0.7015
0.8369
0.8679
0.9107
0.9001
0.7580
0.8335
0.9340
0.8176
0.8771
0.9278
0.8591
0.9515
0.9443
0.9052
0.7115
0.2539
0.6699
0.6687
0.7015
0.6699
0.8700
0.8237
0.6233
0.5066
0.9449
0.6747
0.7313
0.7743
0.1486
0.9067
0.4293
0.6451
0.6862
0.8445
0.8952
0.9274
0.9503
0.8085
0.8968
0.6591
0.6574
0.7314
0.8112
0.7838
0.7860
0.8115
0.8823
0.8381
0.4258
0.8146
0.7571
0.8323
0.8841
0.9345
0.9426
0.9585
0.9137
0.9380
0.9300
0.9417
0.9197
0.7294
0.7501
0.8824
0.9485
0.9430
0.9046
0.9164
0.8913
0.5739
0.7620
0.9899
0.8623
0.8333
0.9488
0.7849
0.8789
0.9003
0.8903
0.9156
0.7778
0.9052
0.7526
0.8436
0.8437
0.7548
0.7223
0.9581
0.7853
0.9431
0.9045
0.8582
0.7984
0.8454
0.7433
0.8029
0.7693
0.8876
0.7933
0.9428
0.8999
0.9251
0.9076
0.7303
0.8781
0.8461
0.8087
0.8766
0.6749
0.8644
0.9193
0.8672
0.8772
0.5017
0.9107
0.8731
0.8041
0.8876
0.7780
0.9215
0.7813
0.6979
0.8731
0.9136
0.8414
0.8783
0.9120
0.7420
0.5498
0.8118
0.7936
0.8980
0.8894
0.9096
0.9521
0.9612
0.9473
0.8042
0.9463
0.9315
0.9501
0.8972
0.8828
0.5492
0.6464
0.9394
0.8750
0.6757
0.9054
0.5804
0.8109
0.8352
0.2344
0.5416
0.5654
0.6135
0.6753
0.8153
0.8456
0.9456
0.9333
0.8557
0.8096
0.9001
0.9467
0.9235
0.8919
0.8894
0.8782
0.9033
0.8791
0.8694
0.7161
0.8920
0.8278
0.8187
0.8573
0.9074
0.7788
0.7023
0.8373
0.7794
0.8127
0.8575
0.9400
0.8875
0.8997
0.7831
0.9462
0.8431
0.8039
0.8866
0.9074
0.9124
0.7598
0.8246
0.6999
0.7194
0.8521
0.4874
0.8751
0.8899
0.8863
0.8052
0.8636
0.9121
0.6533
0.8897
0.7732
0.8858
0.7795
0.6379
0.8472
0.9148
0.7955
0.8247
0.7883
0.8538
0.9733
0.8774
0.6453
0.6620
0.7407
0.8685
0.7893
0.8733
0.6992
0.8082
0.8490
0.7085
0.6663
0.7865
0.7454
0.6622
0.7832
0.8313
0.5951
0.5507
0.8880
0.6503
0.9008
0.8622
0.6344
0.7759
0.7696
0.8246
0.9039
0.6549
0.8237
0.7886
0.6425
0.5734
0.8136
0.8746
0.8845
0.8459
0.8252
0.6464
0.9024
0.8251
0.7039
0.7881
0.8021
0.8603
0.7515
0.8809
0.8024
0.7968
0.8795
0.7223
0.9660
0.6081
0.9043
0.9009
0.6116
0.7968
0.7174
0.9026
0.7949
0.8695
0.7523
0.9213
0.6127
0.9349
0.9401
0.7155
0.9287
0.7567
0.9457
0.6664
0.6489
0.9470
0.6773
0.3524
0.5059
0.3827
0.3625
0.7682
0.9300
0.6476
0.8099
0.8379
0.9436
0.7673
0.7123
0.8360
0.7886
0.8803
0.9255
0.9907
0.8307
0.9478
0.8517
0.8546
0.9367
0.6664
0.8690
0.9063
0.5878
0.8330
0.8447
0.8204
0.8978
0.7051
0.9014
0.8914
0.8987
0.9402
1.0000
0.9098
0.8889
0.8404
0.9002
0.8147
0.8554
0.7045
0.9356
0.9012
0.8803
0.7836
0.7292
0.9703
0.8278
0.8308
0.9543
0.2127
0.7205
0.8618
0.8562
0.7970
0.8279
0.8629
0.9356
0.8753
0.6937
0.7766
0.8015
0.6050
0.8637
0.9429
0.8718
0.8098
0.9037
0.4451
0.9130
0.6819
0.4905
0.7167
0.7354
0.8150
0.8553
0.6552
0.6154
0.6062
0.4786
0.7899
0.9336
0.7329
0.8666
0.8957
0.6876
0.7951
0.8355
0.8041
0.5635
0.8590
0.5675
0.7701
0.6294
0.8367
0.6583
0.8794
0.7367
0.6562
0.6446
0.6319
0.8053
0.5621
0.5642
0.8052
0.7556
0.8296
0.8515
0.8217
0.7644
0.7731
0.8768
0.9430
0.9329
0.9505
0.9882
0.9000
0.8684
0.5825
0.8662
0.6742
0.7125
0.8919
0.8835
0.8340
0.8827
0.9197
0.7772
0.7407
0.7293
0.8967
0.9194
0.7495
0.8052
0.8312
0.6214
0.9421
0.9472
0.9354
0.8662
0.7990
0.9291
0.5523
0.9310
0.7167
0.0800
0.8936
0.7558
0.8846
0.9235
0.9127
0.9411
0.6587
0.8675
0.7465
0.9116
0.4281
0.8109
0.6458
0.8378
0.8889
0.8971
0.8646
0.7320
0.8270
0.7727
0.8379
0.2303
0.6543
0.8511
0.6987
0.6453
0.8428
0.8497
0.6788
0.9191
0.9291
0.8586
0.8727
0.7464
0.9073
0.6908
0.9650
0.6693
0.8726
0.9178
0.4555
0.7819
0.9353
0.7919
0.7696
0.7109
0.9085
0.8490
0.8806
0.9042
0.8614
0.8163
0.9422
0.9356
0.7752
0.9629
0.7397
0.8464
0.7194
0.8020
0.8000
0.7684
0.8457
0.6590
0.8444
0.8599
0.7864
1.0000
0.8310
0.8961
0.7566
0.8185
0.7631
0.8363
0.8455
0.8605
0.8374
0.7934
0.6829
0.3380
0.8950
0.9267
0.7523
0.9105
0.4940
-0.0233
0.9496
0.8890
0.8914
0.8183
0.7123
0.8907
0.5828
0.7388
0.6259
0.5543
0.8843
0.8122
0.9166
0.9310
0.8095
0.7772
0.7451
0.6256
0.8834
0.7424
0.8697
0.6597
0.7778
0.4509
0.8442
0.9371
0.8552
0.9165
0.6159
0.9248
0.8270
0.8756
0.8135
0.9074
0.8888
0.8208
0.8142
0.8785
0.5288
0.7979
0.6572
0.6057
0.9157
0.8892
0.8127
0.8520
0.9255
0.8123
0.9029
0.8801
0.7931
0.9077
0.8115
0.9356
0.6388
0.9459
0.9046
0.9431
0.6267
0.8463
0.6316
0.6759
0.7368
0.6743
0.7625
0.6879
0.6373
0.9126
0.7135
0.7946
0.8720
0.4412
0.8355
0.8064
0.8523
0.8372
0.9694
0.9289
0.8080
0.5704
0.7399
0.8446
0.8634
0.9359
0.9394
0.8534
0.9284
0.8598
0.9376
0.8994
0.4388
0.8309
0.8507
0.9423
0.8539
0.9355
0.7431
0.9311
0.8587
0.8726
0.8416
0.9299
0.8406
0.8561
0.7412
0.6481
0.9376
0.8730
0.9266
0.9598
0.8280
0.5025
0.8823
0.8317
0.8694
0.7806
0.8842
0.9894
0.9830
0.7004
0.7905
0.8435
0.8267
0.7671
0.7360
0.5278
0.7053
0.9243
0.8254
0.8341
0.5967
0.5438
0.7987
0.9053
0.8220
0.7781
0.8844
0.7291
0.5128
0.7142
0.9817
0.5725
0.6365
0.8167
0.8896
0.8843
0.7883
0.9471
0.9065
0.6220
0.8438
0.7312
0.8233
0.8269
0.7331
0.8312
0.4512
0.2301
0.5220
0.7134
0.9210
0.8759
0.7740
0.8008
0.7206
0.8862
0.9550
0.7711
0.8247
0.8486
0.7915
0.9265
0.9211
0.9288
0.8100
0.8705
0.7845
0.9492
0.8546
0.9498
0.9166
0.8549
0.8223
0.7785
0.9302
0.8781
0.7168
0.7903
0.8118
0.8594
0.7926
1.0000
0.9078
0.8009
0.7923
0.8072
0.7643
0.7622
0.5867
0.9084
0.5298
0.8225
0.9316
0.7699
0.8675
0.9611
0.6218
0.6376
0.8651
0.7770
0.8689
0.8447
0.7780
0.8572
0.8955
0.8887
0.7877
0.8624
0.6327
0.8900
0.4894
0.6441
0.8611
0.7023
0.9437
0.9317
0.8723
0.8489
0.7390
0.6744
0.8689
0.7324
0.7668
0.7291
0.7648
0.2770
0.7439
0.7652
0.7707
0.8450
0.7847
0.8642
0.9009
0.8819
0.8104
0.9275
0.8840
0.9124
0.8823
0.8407
0.6840
0.7618
0.7862
0.8640
0.7894
0.9048
0.9421
0.8499
0.7531
0.6680
0.8007
0.5041
0.8632
0.8605
0.8477
0.8605
0.7498
0.4905
0.9185
0.8006
0.4582
0.6969
0.8981
0.9155
0.8283
0.7914
0.7763
0.5386
0.8863
0.7748
0.7704
0.6668
0.8241
0.4876
0.9107
0.9313
0.8882
0.7527
0.7540
0.6790
0.8657
0.2653
0.6266
0.7296
0.7643
0.6874
0.8024
0.8283
0.7446
0.7206
0.6685
0.7675
0.8053
0.5057
0.7925
0.8173
0.7677
0.6868
0.6655
0.6896
0.7980
0.6549
0.8481
0.5096
0.9072
0.9407
0.9535
0.8820
0.8777
0.8911
0.9577
0.9093
0.8880
0.9456
0.7022
0.9616
0.6252
0.7806
0.8086
0.8434
0.8317
0.8377
0.7244
0.9082
0.9314
0.9034
0.8347
0.8741
0.8019
0.8337
0.7789
0.8979
0.8642
0.9142
0.8551
0.8595
0.6063
0.6666
0.7852
0.9460
0.6445
0.7893
0.4676
0.9473
0.7904
0.7357
0.8425
0.8287
0.8708
0.8543
0.8110
0.7320
0.8554
0.8037
0.7422
0.8226
0.7382
0.8165
0.6890
0.8427
0.8305
0.7515
0.6372
0.7570
0.6490
0.9005
0.7904
0.6110
0.9269
0.9196
0.8187
0.6909
0.8509
0.9199
0.8550
0.8919
0.8603
0.6048
0.7233
0.8989
0.8954
0.7682
0.5192
0.6860
0.8011
0.9229
0.8168
0.9708
0.9252
0.9269
0.8966
0.8397
0.9683
0.9491
0.9460
0.9146
0.9125
0.9258
0.9277
0.9310
0.8821
0.8895
0.9487
0.8616
0.9365
0.8589
0.9359
0.9671
0.6837
0.9018
0.9410
0.6928
0.7879
0.4966
0.6095
0.8427
0.6968
0.8960
0.6803
0.8592
0.8357
0.6014
0.9496
0.7950
0.7615
0.7250
0.8312
0.6619
0.9197
0.7460
0.6843
0.9446
0.8641
0.4555
0.6675
0.8429
0.7833
0.6996
0.8787
0.8010
0.7974
0.7949
0.8839
0.9231
0.6939
0.6463
0.6595
0.8639
0.7309
0.9394
0.7832
0.7501
0.8881
0.9493
0.8144
0.7132
0.7970
0.7421
0.6703
0.8173
0.7880
0.6856
0.8735
0.9071
0.9237
0.9521
0.9125
0.9131
0.8963
0.8079
0.9305
0.8728
0.8517
0.9013
0.8493
0.9118
0.6831
0.8881
0.7173
0.8264
0.4099
0.9227
0.8953
0.8658
0.8855
0.9016
0.7456
0.8520
0.7904
0.6497
0.6353
0.9030
0.5463
0.5532
0.5346
0.6658
0.5876
0.7284
0.4801
0.5878
0.2864
0.4230
0.4573
0.4357
0.3676
0.4004
0.5948
0.7558
0.9081
0.4753
0.7399
0.9369
0.8802
0.8466
0.8951
0.7486
0.8040
0.8157
0.8311
0.7868
0.7804
0.9461
0.8281
0.8507
0.8908
0.8275
0.8039
0.7120
0.9072
0.6131
0.6199
0.5770
0.8035
0.8382
0.9112
0.9570
0.9314
0.8725
0.8971
0.9290
0.9411
0.8993
0.9167
0.8444
0.8888
0.9429
0.9488
0.9505
0.9332
0.9849
0.8506
0.9233
0.7335
0.5867
0.7752
0.2662
0.8746
0.9076
0.7136
0.8511
0.9283
0.8062
0.7563
0.8612
0.8236
0.8645
0.8151
0.8402
0.8823
0.9597
0.8635
0.9000
0.9153
0.5220
0.6165
0.7956
0.8749
0.6561
0.8955
0.9179
0.5805
0.9029
0.7858
0.7425
0.7178
0.8105
0.5691
0.8006
0.8874
0.3372
0.7451
0.7615
0.9040
0.7556
0.9035
0.7720
0.8994
0.5001
0.9226
0.8874
0.7729
0.9111
0.8136
0.9717
0.8743
0.7606
0.9194
0.8863
0.9199
0.8665
0.7453
0.8396
0.9137
0.8838
0.8376
0.8662
0.9291
0.8587
0.9713
0.8976
0.9875
0.9021
0.8351
0.9615
0.8541
0.9470
0.9784
0.2147
0.8737
0.7527
0.8603
0.9584
0.9692
0.8145
0.8646
0.8462
0.3323
0.7239
0.8386
0.7268
0.8875
0.8382
0.7837
0.8045
0.9147
0.9267
0.9366
0.8220
0.9339
0.8230
0.9254
0.7233
0.8376
0.6551
0.8902
0.7152
0.8994
0.9006
0.9096
0.9280
0.7893
0.8829
0.9234
0.9275
0.8853
0.9368
0.9267
0.9138
0.8722
0.9013
0.8297
0.8462
0.9052
0.9733
0.8341
0.9778
0.9012
0.8806
0.8837
0.7672
0.7617
0.8485
0.7579
0.7882
0.4852
0.9484
0.8617
0.9506
0.8347
0.6926
0.9607
0.8988
0.9483
0.9638
